[1, 320, 52, 195, 271, 322, 71, 197, 257, 324, 80, 223, 257, 326, 78, 202, 257, 328, 80, 207, 257, 330, 71, 189, 257, 332, 80, 217, 257, 334, 71, 190, 257, 336, 40, 191, 271, 338, 71, 191, 257, 340, 80, 216, 257, 342, 78, 201, 257, 344, 80, 211, 257, 346, 71, 187, 257, 348, 80, 214, 257, 350, 71, 190, 257]
[1, 320, 52, 211, 271, 322, 73, 198, 257, 324, 81, 218, 257, 326, 80, 206, 257, 328, 81, 210, 257, 330, 73, 191, 257, 332, 81, 222, 257, 334, 73, 191, 257, 336, 40, 200, 271, 338, 73, 194, 257, 340, 81, 221, 257, 342, 80, 199, 257, 344, 81, 210, 257, 346, 73, 188, 257, 348, 81, 218, 257, 350, 73, 194, 257]
[1, 320, 52, 211, 271, 322, 75, 199, 257, 324, 81, 215, 257, 326, 80, 197, 257, 328, 81, 204, 257, 330, 75, 194, 257, 332, 81, 212, 257, 334, 75, 193, 257, 336, 40, 198, 271, 338, 75, 197, 257, 340, 81, 214, 257, 342, 80, 201, 257, 344, 81, 206, 257, 346, 75, 195, 257, 348, 81, 217, 257, 350, 75, 193, 257]
[1, 320, 52, 212, 271, 322, 76, 195, 257, 324, 80, 208, 257, 326, 78, 196, 257, 328, 80, 209, 257, 330, 76, 200, 257, 332, 80, 213, 257, 334, 76, 199, 257, 336, 40, 195, 271, 338, 76, 193, 257, 340, 80, 219, 257, 342, 78, 199, 257, 344, 80, 213, 257, 346, 76, 198, 257, 348, 80, 213, 257, 350, 75, 195, 257]
[1, 320, 52, 214, 271, 322, 73, 198, 257, 324, 80, 216, 257, 326, 78, 202, 257, 328, 80, 207, 257, 330, 76, 193, 257, 332, 75, 197, 257, 334, 76, 206, 257, 336, 73, 197, 257, 338, 76, 210, 257, 340, 75, 196, 257, 342, 76, 209, 257, 344, 68, 189, 257, 346, 71, 211, 257, 348, 70, 202, 257, 350, 68, 193, 257]
[1, 320, 54, 195, 263, 66, 198, 257, 322, 76, 221, 257, 324, 78, 216, 257, 326, 76, 200, 257, 328, 58, 212, 263, 78, 210, 257, 330, 76, 202, 257, 332, 78, 207, 257, 334, 76, 203, 257, 336, 46, 191, 263, 66, 183, 257, 338, 76, 215, 257, 340, 78, 208, 257, 342, 76, 200, 257, 344, 58, 210, 263, 78, 209, 257, 346, 76, 204, 257, 348, 78, 211, 257, 350, 76, 206, 257]
[1, 320, 47, 192, 271, 75, 198, 257, 322, 78, 209, 257, 324, 83, 215, 257, 326, 82, 200, 257, 328, 83, 207, 257, 330, 78, 193, 257, 332, 76, 195, 257, 334, 78, 207, 257, 336, 75, 200, 257, 338, 78, 215, 257, 340, 76, 205, 257, 342, 78, 205, 257, 344, 71, 188, 257, 346, 75, 209, 257, 348, 73, 200, 257, 350, 71, 205, 257]
[1, 320, 49, 197, 271, 322, 68, 200, 257, 324, 76, 219, 257, 326, 75, 204, 257, 328, 76, 206, 257, 330, 68, 193, 257, 332, 76, 216, 257, 334, 68, 194, 257, 336, 61, 213, 271, 338, 68, 195, 257, 340, 76, 216, 257, 342, 75, 205, 257, 344, 76, 207, 257, 346, 68, 192, 257, 348, 76, 221, 257, 350, 68, 195, 257]
[1, 320, 42, 195, 271, 322, 70, 193, 257, 324, 71, 205, 257, 326, 73, 214, 257, 328, 71, 199, 257, 330, 70, 204, 257, 332, 68, 200, 257, 334, 66, 203, 257, 336, 58, 223, 263, 64, 223, 263, 76, 219, 257, 338, 75, 198, 257, 340, 73, 200, 257, 342, 83, 222, 257, 344, 54, 199, 263, 58, 199, 263, 82, 203, 257, 346, 80, 196, 257, 348, 78, 199, 257, 350, 76, 202, 257]
[1, 320, 47, 194, 271, 75, 199, 257, 322, 73, 197, 257, 324, 71, 197, 257, 326, 83, 225, 257, 328, 78, 196, 257, 330, 83, 214, 257, 332, 75, 193, 257, 334, 78, 210, 257, 336, 51, 211, 271, 54, 211, 271, 59, 211, 271, 71, 189, 257, 338, 73, 203, 257, 340, 75, 209, 257, 342, 78, 214, 257, 344, 76, 200, 257, 346, 75, 202, 257, 348, 73, 197, 257, 350, 71, 197, 257]
[1, 320, 47, 202, 271, 77, 217, 257, 322, 71, 189, 257, 324, 74, 207, 257, 326, 73, 203, 257, 328, 74, 208, 257, 330, 71, 197, 257, 332, 77, 214, 257, 334, 71, 191, 257, 336, 50, 218, 271, 56, 218, 271, 80, 219, 257, 338, 71, 192, 257, 340, 74, 208, 257, 342, 73, 202, 257, 344, 74, 205, 257, 346, 71, 197, 257, 348, 77, 216, 257, 350, 71, 194, 257]
[1, 320, 45, 199, 271, 69, 198, 257, 322, 73, 209, 257, 324, 78, 211, 257, 326, 80, 214, 257, 328, 81, 210, 257, 330, 78, 198, 257, 332, 73, 198, 257, 334, 71, 198, 257, 336, 54, 210, 271, 57, 210, 271, 338, 73, 195, 257, 340, 78, 211, 257, 342, 80, 214, 257, 344, 81, 212, 257, 346, 78, 196, 257, 348, 75, 199, 257, 350, 73, 195, 257]
[1, 320, 44, 195, 271, 72, 196, 257, 322, 75, 210, 257, 324, 72, 198, 257, 326, 75, 208, 257, 328, 78, 213, 257, 330, 75, 198, 257, 332, 78, 208, 257, 334, 75, 197, 257, 336, 56, 215, 271, 60, 215, 271, 72, 193, 257, 338, 75, 214, 257, 340, 72, 197, 257, 342, 75, 206, 257, 344, 78, 210, 257, 346, 75, 200, 257, 348, 78, 210, 257, 350, 75, 195, 257]
[1, 320, 49, 199, 263, 76, 206, 257, 322, 75, 202, 257, 324, 73, 197, 257, 326, 76, 213, 257, 328, 54, 212, 263, 57, 212, 263, 75, 204, 257, 330, 76, 211, 257, 332, 78, 213, 257, 334, 75, 199, 257, 336, 52, 206, 263, 56, 206, 263, 76, 210, 257, 338, 75, 202, 257, 340, 73, 200, 257, 342, 71, 199, 257, 344, 61, 222, 263, 64, 222, 263, 69, 200, 257, 346, 68, 207, 257, 348, 66, 199, 257, 350, 64, 196, 257]
[1, 320, 51, 198, 259, 63, 204, 257, 322, 69, 220, 257, 324, 57, 211, 259, 71, 213, 257, 326, 69, 199, 257, 328, 59, 205, 259, 71, 212, 257, 330, 69, 203, 257, 332, 57, 202, 259, 71, 208, 257, 334, 69, 200, 257, 336, 51, 196, 259, 63, 195, 257, 338, 69, 211, 257, 340, 57, 208, 259, 71, 213, 257, 342, 69, 199, 257, 344, 59, 207, 259, 71, 206, 257, 346, 69, 197, 257, 348, 57, 202, 259, 71, 203, 257, 350, 69, 202, 257]
[1, 320, 52, 207, 271, 56, 207, 271, 59, 207, 271, 64, 193, 257, 322, 68, 213, 257, 324, 74, 219, 257, 326, 73, 201, 257, 328, 74, 207, 257, 330, 68, 192, 257, 332, 74, 216, 257, 334, 68, 193, 257, 336, 40, 194, 271, 64, 195, 257, 338, 68, 206, 257, 340, 74, 214, 257, 342, 73, 200, 257, 344, 74, 209, 257, 346, 68, 193, 257, 348, 74, 210, 257, 350, 68, 194, 257]
[1, 320, 52, 211, 259, 64, 196, 257, 322, 69, 216, 257, 324, 57, 212, 259, 73, 214, 257, 326, 71, 201, 257, 328, 64, 215, 259, 73, 207, 257, 330, 69, 195, 257, 332, 57, 197, 259, 73, 214, 257, 334, 69, 195, 257, 336, 40, 195, 259, 64, 192, 257, 338, 69, 211, 257, 340, 57, 209, 259, 73, 215, 257, 342, 71, 200, 257, 344, 64, 221, 259, 73, 207, 257, 346, 69, 198, 257, 348, 57, 197, 259, 73, 210, 257, 350, 69, 197, 257]
[1, 320, 52, 220, 271, 59, 220, 271, 63, 220, 271, 66, 220, 271, 322, 75, 196, 257, 324, 81, 214, 257, 326, 80, 201, 257, 328, 81, 210, 257, 330, 75, 193, 257, 332, 81, 213, 257, 334, 75, 189, 257, 336, 40, 197, 271, 338, 75, 198, 257, 340, 81, 223, 257, 342, 80, 201, 257, 344, 81, 209, 257, 346, 75, 192, 257, 348, 81, 210, 257, 350, 75, 190, 257]
[1, 320, 52, 225, 271, 56, 225, 271, 59, 225, 271, 64, 225, 271, 322, 71, 199, 257, 324, 80, 224, 257, 326, 78, 202, 257, 328, 80, 208, 257, 330, 76, 198, 257, 332, 75, 199, 257, 334, 73, 196, 257, 336, 59, 205, 263, 71, 198, 257, 338, 69, 198, 257, 340, 68, 200, 257, 342, 66, 199, 257, 344, 52, 200, 263, 64, 198, 257, 346, 63, 197, 257, 348, 61, 204, 257, 350, 59, 198, 257]
[1, 320, 54, 202, 263, 58, 203, 257, 322, 66, 220, 257, 324, 73, 221, 257, 326, 75, 211, 257, 328, 58, 208, 263, 76, 208, 257, 330, 73, 195, 257, 332, 75, 209, 257, 334, 76, 209, 257, 336, 46, 196, 263, 58, 197, 257, 338, 66, 216, 257, 340, 73, 222, 257, 342, 75, 214, 257, 344, 58, 214, 263, 76, 209, 257, 346, 73, 204, 257, 348, 75, 209, 257, 350, 76, 208, 257]
[1, 320, 45, 196, 263, 57, 192, 257, 322, 66, 217, 257, 324, 71, 221, 257, 326, 73, 210, 257, 328, 57, 215, 263, 75, 208, 257, 330, 71, 197, 257, 332, 73, 207, 257, 334, 75, 208, 257, 336, 45, 193, 263, 57, 197, 257, 338, 66, 223, 257, 340, 71, 216, 257, 342, 73, 205, 257, 344, 57, 214, 263, 75, 212, 257, 346, 71, 194, 257, 348, 73, 209, 257, 350, 75, 211, 257]
[1, 320, 45, 193, 267, 57, 194, 257, 322, 66, 222, 257, 324, 71, 217, 257, 326, 75, 215, 257, 328, 78, 212, 257, 330, 82, 212, 257, 332, 57, 204, 263, 66, 214, 263, 71, 210, 261, 75, 210, 261, 78, 210, 261, 83, 210, 261, 338, 66, 179, 257, 340, 68, 203, 257, 342, 69, 206, 257, 344, 71, 210, 257, 346, 73, 212, 257, 348, 75, 209, 257, 350, 76, 207, 257]
[1, 320, 47, 198, 263, 78, 212, 257, 322, 75, 197, 257, 324, 71, 198, 257, 326, 73, 207, 257, 328, 47, 200, 263, 75, 210, 257, 330, 76, 211, 257, 332, 78, 210, 257, 334, 80, 211, 257, 336, 59, 211, 263, 81, 208, 257, 338, 78, 198, 257, 340, 75, 197, 257, 342, 76, 210, 257, 344, 59, 203, 263, 78, 211, 257, 346, 80, 204, 257, 348, 81, 212, 257, 350, 83, 211, 257]
[1, 320, 47, 194, 263, 75, 198, 271, 84, 205, 257, 322, 83, 200, 257, 324, 82, 201, 257, 326, 83, 198, 257, 328, 57, 224, 263, 59, 224, 263, 66, 224, 263, 83, 204, 257, 330, 81, 200, 257, 332, 80, 193, 257, 334, 81, 211, 257, 336, 71, 202, 263, 75, 202, 261, 81, 199, 257, 338, 78, 198, 257, 340, 75, 191, 257, 342, 73, 198, 257, 344, 59, 183, 263, 63, 183, 263, 71, 199, 257, 346, 66, 193, 257, 348, 68, 205, 257, 350, 69, 211, 257]
[1, 320, 47, 196, 263, 59, 195, 257, 322, 66, 215, 257, 324, 71, 217, 257, 326, 75, 213, 257, 328, 57, 215, 263, 78, 212, 257, 330, 80, 213, 257, 332, 81, 207, 257, 334, 78, 199, 257, 336, 47, 195, 263, 80, 207, 257, 338, 76, 196, 257, 340, 71, 191, 257, 342, 69, 200, 257, 344, 56, 210, 263, 68, 198, 257, 346, 64, 194, 257, 348, 66, 206, 257, 350, 68, 211, 257]
[1, 320, 47, 200, 263, 59, 196, 257, 322, 64, 212, 257, 324, 68, 211, 257, 326, 71, 215, 257, 328, 56, 212, 263, 76, 216, 257, 330, 78, 211, 257, 332, 80, 213, 257, 334, 76, 195, 257, 336, 47, 194, 263, 73, 197, 263, 82, 215, 257, 338, 79, 200, 257, 340, 78, 202, 257, 342, 79, 207, 257, 344, 61, 216, 263, 70, 200, 263, 79, 207, 257, 346, 78, 201, 257, 348, 77, 200, 257, 350, 78, 203, 257]
[1, 320, 47, 201, 263, 70, 202, 263, 78, 204, 257, 322, 76, 201, 257, 324, 75, 197, 257, 326, 76, 210, 257, 328, 61, 213, 263, 70, 203, 261, 76, 206, 257, 330, 73, 195, 257, 332, 70, 194, 257, 334, 68, 201, 257, 336, 54, 197, 263, 66, 203, 257, 338, 70, 216, 257, 340, 73, 212, 257, 342, 76, 210, 257, 344, 66, 226, 263, 78, 211, 257, 346, 82, 217, 257, 348, 83, 210, 257, 350, 82, 199, 257]
[1, 320, 59, 202, 259, 83, 214, 257, 322, 78, 195, 257, 324, 54, 205, 259, 75, 202, 257, 326, 73, 198, 257, 328, 51, 205, 259, 75, 213, 257, 330, 78, 207, 257, 332, 54, 205, 259, 71, 193, 257, 334, 75, 213, 257, 336, 47, 196, 259, 66, 191, 257, 338, 71, 213, 257, 340, 70, 204, 257, 342, 68, 199, 257, 344, 66, 197, 257, 346, 64, 206, 257, 348, 63, 201, 257, 350, 61, 198, 257]
[1, 320, 47, 199, 263, 59, 201, 259, 324, 81, 224, 257, 326, 80, 206, 257, 328, 47, 202, 263, 78, 198, 257, 330, 76, 195, 257, 332, 75, 196, 257, 334, 73, 204, 257, 336, 47, 204, 263, 71, 195, 257, 338, 81, 224, 257, 340, 80, 199, 257, 342, 78, 199, 257, 344, 47, 205, 263, 76, 200, 257, 346, 75, 200, 257, 348, 73, 198, 257, 350, 71, 198, 257]
[1, 320, 47, 205, 263, 69, 202, 257, 322, 80, 226, 257, 324, 78, 203, 257, 326, 76, 198, 257, 328, 47, 203, 263, 75, 201, 257, 330, 73, 199, 257, 332, 71, 199, 257, 334, 69, 198, 257, 336, 47, 204, 263, 68, 201, 257, 338, 78, 222, 257, 340, 76, 203, 257, 342, 75, 201, 257, 344, 47, 208, 263, 73, 201, 257, 346, 71, 196, 257, 348, 69, 198, 257, 350, 68, 202, 257]
[1, 320, 47, 209, 263, 66, 199, 257, 322, 76, 226, 257, 324, 75, 205, 257, 326, 73, 205, 257, 328, 63, 230, 259, 75, 207, 257, 330, 78, 206, 257, 332, 59, 203, 259, 71, 195, 257, 334, 78, 220, 257, 336, 61, 203, 259, 73, 196, 257, 338, 78, 214, 257, 340, 63, 209, 259, 75, 203, 257, 342, 78, 209, 257, 344, 64, 207, 259, 76, 201, 257, 346, 78, 207, 257, 348, 61, 201, 259, 73, 195, 257, 350, 78, 213, 257]
[1, 320, 63, 211, 259, 75, 198, 257, 322, 78, 210, 257, 324, 59, 201, 259, 71, 189, 257, 326, 78, 217, 257, 328, 64, 214, 259, 76, 200, 257, 330, 78, 211, 257, 332, 61, 203, 259, 73, 199, 257, 334, 78, 214, 257, 336, 63, 207, 259, 75, 196, 257, 338, 78, 212, 257, 340, 59, 198, 259, 71, 187, 257, 342, 78, 217, 257, 344, 64, 212, 259, 76, 202, 257, 346, 78, 209, 257, 348, 61, 202, 259, 73, 198, 257, 350, 78, 216, 257]
[1, 320, 63, 211, 259, 75, 201, 257, 322, 78, 209, 257, 324, 59, 203, 259, 71, 192, 257, 326, 78, 213, 257, 328, 61, 204, 259, 73, 202, 257, 330, 78, 216, 257, 332, 63, 207, 259, 75, 201, 257, 334, 78, 207, 257, 336, 64, 206, 259, 76, 200, 257, 338, 78, 213, 257, 340, 66, 209, 259, 78, 204, 257, 342, 78, 204, 257, 344, 68, 217, 259, 80, 206, 257, 346, 78, 197, 257, 348, 47, 195, 259, 350, 78, 198, 257]
[1, 320, 66, 222, 259, 78, 202, 257, 322, 78, 202, 257, 324, 68, 210, 259, 80, 207, 257, 326, 78, 205, 257, 328, 69, 207, 259, 81, 208, 257, 330, 78, 199, 257, 332, 47, 193, 259, 334, 78, 197, 257, 336, 68, 223, 259, 80, 207, 257, 338, 78, 202, 257, 340, 69, 210, 259, 81, 208, 257, 342, 78, 198, 257, 344, 71, 210, 259, 83, 216, 257, 346, 78, 191, 257, 348, 68, 198, 259, 80, 212, 257, 350, 78, 199, 257]
[1, 320, 69, 206, 259, 81, 208, 257, 322, 78, 199, 257, 324, 68, 206, 259, 80, 212, 257, 326, 78, 206, 257, 328, 69, 210, 259, 81, 213, 257, 330, 78, 200, 257, 332, 66, 201, 259, 78, 202, 257, 334, 78, 204, 257, 336, 68, 207, 259, 80, 208, 257, 338, 78, 200, 257, 340, 66, 200, 259, 78, 203, 257, 342, 78, 206, 257, 344, 68, 210, 259, 80, 206, 257, 346, 78, 203, 257, 348, 64, 197, 259, 76, 201, 257, 350, 78, 208, 257]
[1, 320, 66, 209, 259, 78, 206, 257, 322, 78, 209, 257, 324, 64, 203, 259, 76, 195, 257, 326, 78, 210, 257, 328, 66, 209, 259, 78, 198, 257, 330, 78, 202, 257, 332, 63, 197, 259, 75, 199, 257, 334, 78, 208, 257, 336, 64, 202, 259, 76, 199, 257, 338, 78, 210, 257, 340, 63, 204, 259, 75, 196, 257, 342, 78, 211, 257, 344, 64, 208, 259, 76, 199, 257, 346, 78, 210, 257, 348, 61, 201, 259, 73, 196, 257, 350, 78, 213, 257]
[1, 320, 63, 212, 259, 75, 201, 257, 322, 78, 213, 257, 324, 59, 203, 259, 71, 188, 257, 326, 73, 207, 257, 328, 65, 202, 257, 74, 202, 257, 330, 59, 193, 257, 332, 66, 221, 257, 75, 221, 257, 334, 59, 201, 257, 336, 67, 223, 257, 76, 223, 257, 338, 59, 195, 257, 340, 68, 222, 257, 77, 222, 257, 342, 59, 194, 257, 344, 69, 226, 257, 78, 226, 257, 346, 59, 200, 257, 348, 70, 222, 257, 79, 222, 257, 350, 59, 199, 257]
[1, 320, 71, 227, 257, 80, 227, 257, 322, 59, 195, 257, 324, 72, 218, 257, 81, 218, 257, 326, 59, 198, 257, 328, 73, 228, 257, 82, 228, 257, 330, 59, 194, 257, 332, 74, 221, 257, 83, 221, 257, 334, 59, 200, 257, 336, 75, 224, 257, 84, 224, 257, 338, 59, 198, 257, 340, 76, 224, 257, 85, 224, 257, 342, 59, 200, 257, 344, 77, 223, 257, 86, 223, 257, 346, 59, 195, 257, 348, 78, 226, 257, 87, 226, 257, 350, 59, 198, 257]
[1, 320, 47, 197, 257, 52, 197, 257, 88, 222, 257, 322, 59, 210, 257, 80, 194, 257, 324, 56, 200, 257, 71, 184, 257, 326, 59, 204, 257, 80, 220, 257, 328, 47, 201, 257, 52, 201, 257, 88, 222, 257, 330, 59, 213, 257, 80, 191, 257, 332, 56, 202, 257, 88, 225, 257, 334, 59, 205, 257, 80, 193, 257, 336, 47, 202, 257, 52, 202, 257, 88, 223, 257, 338, 59, 210, 257, 80, 190, 257, 340, 56, 203, 257, 71, 189, 257, 342, 59, 201, 257, 80, 218, 257, 344, 47, 197, 257, 52, 197, 257, 88, 220, 257, 346, 59, 209, 257, 80, 194, 257, 348, 56, 200, 257, 88, 214, 257, 350, 59, 205, 257, 80, 191, 257]
[1, 320, 47, 197, 257, 54, 197, 257, 88, 216, 257, 322, 59, 204, 257, 78, 189, 257, 324, 54, 200, 257, 71, 189, 257, 326, 59, 209, 257, 78, 219, 257, 328, 47, 196, 257, 54, 196, 257, 88, 223, 257, 330, 59, 205, 257, 78, 190, 257, 332, 54, 198, 257, 88, 217, 257, 334, 59, 207, 257, 78, 188, 257, 336, 47, 203, 257, 54, 203, 257, 88, 219, 257, 338, 59, 209, 257, 78, 189, 257, 340, 54, 200, 257, 71, 191, 257, 342, 59, 210, 257, 78, 217, 257, 344, 47, 197, 257, 54, 197, 257, 88, 222, 257, 346, 59, 209, 257, 78, 191, 257, 348, 54, 199, 257, 88, 215, 257, 350, 59, 209, 257, 78, 188, 257]
[1, 320, 51, 204, 257, 54, 204, 257, 87, 220, 257, 322, 59, 206, 257, 81, 195, 257, 324, 54, 198, 257, 71, 183, 257, 326, 59, 208, 257, 81, 219, 257, 328, 47, 196, 257, 87, 214, 257, 330, 59, 206, 257, 81, 191, 257, 332, 54, 202, 257, 87, 213, 257, 334, 59, 208, 257, 81, 194, 257, 336, 51, 205, 257, 54, 205, 257, 87, 214, 257, 338, 59, 208, 257, 81, 201, 257, 340, 54, 202, 257, 71, 187, 257, 342, 59, 208, 257, 81, 216, 257, 344, 47, 197, 257, 87, 216, 257, 346, 59, 215, 257, 81, 195, 257, 348, 54, 201, 257, 87, 210, 257, 350, 59, 209, 257, 81, 195, 257]
[1, 320, 40, 201, 287, 47, 201, 287, 52, 201, 287, 76, 217, 287, 80, 217, 287, 88, 217, 287]
