[1, 320, 45, 192, 263, 73, 200, 307, 328, 57, 219, 263, 336, 56, 207, 263, 344, 44, 197, 263]
[1, 320, 42, 204, 263, 328, 54, 225, 263, 336, 52, 217, 263, 344, 40, 201, 263]
[1, 320, 38, 209, 263, 328, 50, 220, 263, 78, 220, 259, 332, 74, 205, 259, 336, 51, 217, 263, 71, 203, 259, 340, 69, 205, 259, 344, 39, 200, 263, 68, 205, 259, 348, 69, 216, 259]
[1, 320, 40, 211, 263, 68, 208, 271, 328, 52, 221, 263, 336, 50, 210, 263, 66, 203, 259, 340, 64, 210, 266, 344, 38, 197, 263]
[1, 320, 37, 210, 263, 76, 236, 289, 328, 49, 219, 263, 336, 47, 211, 263, 344, 47, 212, 263]
[1, 320, 46, 210, 263, 324, 73, 204, 259, 328, 58, 227, 263, 67, 195, 259, 332, 66, 208, 259, 336, 54, 210, 263, 71, 219, 259, 340, 70, 210, 259, 344, 42, 203, 263, 76, 227, 259, 348, 74, 210, 259]
[1, 320, 47, 212, 263, 74, 211, 289, 328, 59, 223, 263, 336, 57, 211, 263, 344, 45, 197, 263]
[1, 320, 44, 204, 263, 324, 71, 203, 259, 328, 56, 221, 263, 66, 199, 259, 332, 64, 205, 259, 336, 52, 206, 263, 69, 220, 259, 340, 68, 208, 259, 344, 40, 201, 263, 74, 229, 259, 348, 73, 211, 259]
[1, 320, 45, 216, 263, 73, 207, 279, 328, 57, 222, 263, 336, 56, 214, 263, 344, 44, 206, 263, 75, 218, 259, 348, 76, 220, 259]
[1, 320, 42, 208, 263, 69, 196, 263, 328, 54, 223, 263, 69, 206, 257, 330, 71, 221, 257, 332, 73, 216, 263, 336, 51, 209, 263, 340, 71, 209, 259, 344, 47, 209, 263, 71, 210, 259, 348, 69, 202, 259]
[1, 320, 52, 213, 263, 68, 205, 259, 324, 66, 207, 259, 328, 45, 205, 263, 66, 208, 257, 330, 68, 219, 257, 332, 69, 215, 266, 336, 47, 210, 263, 344, 47, 207, 263, 68, 205, 259, 348, 66, 203, 259]
[1, 320, 40, 206, 259, 64, 209, 287, 324, 42, 209, 259, 328, 44, 215, 259, 332, 45, 216, 259, 336, 47, 218, 259, 340, 50, 212, 259, 344, 49, 204, 259, 348, 47, 211, 259]
[1, 320, 45, 211, 263, 73, 231, 307, 328, 57, 225, 263, 336, 56, 211, 263, 344, 44, 200, 263]
[1, 320, 42, 207, 263, 328, 54, 219, 263, 336, 52, 206, 263, 344, 40, 206, 263]
[1, 320, 38, 202, 263, 328, 50, 220, 263, 78, 225, 259, 332, 74, 205, 259, 336, 51, 221, 263, 71, 204, 259, 340, 69, 200, 259, 344, 39, 202, 263, 68, 209, 259, 348, 69, 212, 259]
[1, 320, 40, 212, 263, 68, 206, 271, 328, 52, 222, 263, 336, 50, 208, 263, 66, 206, 259, 340, 64, 206, 266, 344, 38, 201, 263]
[1, 320, 37, 208, 263, 76, 232, 289, 328, 49, 221, 263, 336, 47, 213, 263, 344, 47, 212, 263]
[1, 320, 46, 210, 263, 324, 73, 209, 259, 328, 58, 225, 263, 67, 192, 259, 332, 66, 204, 259, 336, 54, 205, 263, 71, 222, 259, 340, 70, 209, 259, 344, 42, 201, 263, 76, 224, 259, 348, 74, 205, 259]
[1, 320, 47, 211, 263, 74, 213, 289, 328, 59, 223, 263, 336, 57, 213, 263, 344, 45, 198, 263]
[1, 320, 44, 209, 263, 324, 71, 205, 259, 328, 56, 223, 263, 66, 204, 259, 332, 64, 206, 259, 336, 52, 215, 263, 69, 216, 259, 340, 68, 206, 259, 344, 40, 200, 263, 74, 226, 259, 348, 73, 207, 259]
[1, 320, 45, 210, 263, 73, 212, 279, 328, 57, 223, 263, 336, 56, 207, 263, 344, 44, 200, 263, 75, 215, 259, 348, 76, 219, 259]
[1, 320, 42, 205, 263, 69, 197, 263, 328, 54, 225, 263, 69, 211, 257, 330, 71, 219, 257, 332, 73, 214, 263, 336, 51, 212, 263, 340, 71, 200, 259, 344, 47, 202, 263, 71, 210, 259, 348, 69, 211, 259]
[1, 320, 52, 217, 263, 68, 204, 259, 324, 66, 208, 259, 328, 45, 205, 263, 66, 216, 257, 330, 68, 218, 257, 332, 69, 213, 266, 336, 47, 212, 263, 344, 47, 210, 263, 68, 205, 259, 348, 66, 207, 259]
[1, 320, 52, 216, 287, 64, 210, 287]
[1, 320, 40, 201, 263, 68, 220, 275, 328, 52, 221, 263, 336, 50, 209, 263, 340, 69, 221, 257, 342, 68, 211, 257, 344, 38, 201, 263, 66, 208, 257, 346, 68, 220, 257, 348, 64, 202, 259]
[1, 320, 37, 207, 263, 76, 233, 279, 328, 49, 221, 263, 336, 47, 208, 263, 344, 47, 212, 263, 67, 194, 263]
[1, 320, 46, 213, 263, 66, 207, 263, 328, 58, 221, 263, 78, 233, 267, 336, 49, 206, 263, 340, 76, 205, 259, 344, 54, 219, 263, 74, 215, 259, 348, 73, 209, 259]
[1, 320, 47, 208, 263, 74, 214, 273, 328, 59, 228, 263, 336, 57, 208, 263, 338, 73, 209, 257, 340, 71, 207, 257, 342, 69, 212, 257, 344, 45, 198, 263, 68, 208, 259, 348, 66, 206, 259]
[1, 320, 44, 202, 263, 65, 205, 259, 324, 66, 215, 259, 328, 56, 220, 263, 68, 213, 267, 336, 54, 217, 263, 340, 69, 216, 259, 344, 42, 203, 263, 71, 217, 267]
[1, 320, 41, 210, 263, 324, 73, 218, 259, 328, 42, 213, 263, 74, 215, 271, 336, 44, 214, 263, 344, 41, 210, 263, 73, 211, 263]
[1, 320, 42, 213, 263, 71, 203, 259, 324, 69, 208, 259, 328, 50, 222, 263, 68, 210, 259, 332, 66, 204, 259, 336, 47, 209, 263, 68, 216, 259, 340, 69, 218, 257, 342, 71, 220, 257, 344, 49, 214, 263, 69, 207, 263]
[1, 320, 42, 204, 263, 66, 205, 287, 328, 54, 223, 263, 336, 52, 208, 263, 344, 40, 199, 263]
[1, 320, 39, 213, 263, 69, 219, 275, 328, 51, 224, 263, 336, 49, 213, 263, 340, 73, 222, 259, 344, 49, 214, 263, 71, 206, 259, 348, 69, 210, 259]
[1, 320, 47, 206, 263, 78, 230, 279, 328, 59, 223, 263, 336, 57, 208, 263, 344, 45, 200, 263, 76, 210, 259, 348, 75, 207, 259]
[1, 320, 44, 210, 263, 73, 208, 257, 322, 71, 205, 257, 324, 76, 222, 259, 328, 44, 211, 263, 64, 191, 263, 336, 45, 213, 263, 66, 213, 267, 344, 47, 217, 263, 348, 68, 213, 257, 350, 69, 218, 257]
[1, 320, 40, 201, 263, 68, 208, 267, 328, 52, 222, 263, 332, 66, 212, 259, 336, 50, 207, 263, 64, 205, 270, 344, 38, 198, 263]
[1, 320, 37, 209, 263, 69, 227, 279, 328, 49, 223, 263, 336, 50, 219, 263, 344, 38, 202, 263, 73, 220, 259, 348, 71, 209, 259]
[1, 320, 39, 213, 263, 71, 213, 279, 328, 51, 225, 263, 336, 52, 214, 263, 344, 40, 200, 263, 74, 218, 259, 348, 73, 209, 259]
[1, 320, 41, 211, 263, 73, 212, 279, 328, 53, 225, 263, 336, 54, 216, 263, 344, 42, 202, 263, 76, 220, 259, 348, 74, 207, 259]
[1, 320, 47, 214, 263, 74, 207, 287, 328, 59, 219, 263, 336, 57, 213, 263, 344, 45, 201, 263]
[1, 320, 44, 208, 263, 64, 191, 275, 328, 56, 220, 263, 336, 52, 208, 263, 340, 68, 223, 259, 344, 56, 218, 263, 71, 219, 259, 348, 74, 220, 259]
[1, 320, 57, 220, 263, 74, 216, 259, 324, 71, 202, 259, 328, 45, 195, 263, 73, 214, 275, 336, 43, 207, 263, 344, 55, 223, 263, 348, 74, 215, 257, 350, 76, 217, 257]
[1, 320, 54, 208, 263, 69, 199, 275, 328, 42, 201, 263, 336, 40, 208, 263, 340, 73, 224, 259, 344, 52, 224, 263, 76, 223, 259, 348, 79, 223, 259]
[1, 320, 50, 211, 263, 78, 211, 279, 328, 38, 197, 263, 336, 37, 213, 263, 344, 49, 222, 263, 69, 187, 263]
[1, 320, 47, 213, 263, 68, 205, 259, 324, 71, 218, 259, 328, 47, 212, 263, 74, 221, 271, 336, 45, 209, 263, 344, 45, 212, 263, 66, 198, 263]
[1, 320, 44, 213, 263, 64, 204, 263, 328, 40, 206, 263, 71, 228, 259, 332, 73, 217, 257, 334, 74, 217, 261, 336, 45, 214, 263, 340, 73, 210, 263, 344, 50, 217, 263, 348, 71, 210, 259]
[1, 320, 52, 213, 263, 69, 206, 257, 322, 68, 203, 257, 324, 66, 208, 263, 328, 50, 205, 263, 332, 68, 214, 259, 336, 52, 218, 263, 69, 219, 263, 344, 40, 201, 263, 68, 205, 259, 348, 69, 211, 259]
[1, 320, 45, 216, 287, 69, 214, 287]
[1, 320, 40, 209, 263, 68, 203, 275, 328, 52, 220, 263, 336, 50, 212, 263, 340, 69, 215, 257, 342, 68, 205, 257, 344, 38, 203, 263, 66, 211, 257, 346, 68, 219, 257, 348, 64, 200, 259]
[1, 320, 37, 209, 263, 76, 231, 279, 328, 49, 225, 263, 336, 47, 212, 263, 344, 47, 209, 263, 67, 194, 263]
[1, 320, 46, 212, 263, 66, 211, 263, 328, 58, 224, 263, 78, 231, 267, 336, 49, 200, 263, 340, 76, 205, 259, 344, 54, 217, 263, 74, 203, 259, 348, 73, 209, 259]
[1, 320, 47, 205, 263, 74, 215, 273, 328, 59, 228, 263, 336, 57, 211, 263, 338, 73, 209, 257, 340, 71, 210, 257, 342, 69, 201, 257, 344, 45, 197, 263, 68, 208, 259, 348, 66, 208, 259]
[1, 320, 44, 211, 263, 65, 206, 259, 324, 66, 211, 259, 328, 56, 228, 263, 68, 216, 267, 336, 54, 210, 263, 340, 69, 211, 259, 344, 42, 198, 263, 71, 219, 267]
[1, 320, 41, 211, 263, 324, 73, 217, 259, 328, 42, 213, 263, 74, 219, 271, 336, 44, 211, 263, 344, 41, 208, 263, 73, 213, 263]
[1, 320, 42, 211, 263, 71, 210, 259, 324, 69, 208, 259, 328, 50, 223, 263, 68, 209, 259, 332, 66, 205, 259, 336, 47, 206, 263, 68, 214, 259, 340, 69, 220, 257, 342, 71, 218, 257, 344, 49, 211, 263, 69, 204, 263]
[1, 320, 42, 207, 263, 66, 201, 287, 328, 54, 226, 263, 336, 52, 213, 263, 344, 40, 201, 263]
[1, 320, 39, 209, 263, 69, 219, 275, 328, 51, 224, 263, 336, 49, 213, 263, 340, 73, 219, 259, 344, 49, 213, 263, 71, 205, 259, 348, 69, 208, 259]
[1, 320, 47, 207, 263, 78, 233, 279, 328, 59, 224, 263, 336, 57, 210, 263, 344, 45, 200, 263, 76, 209, 259, 348, 75, 208, 259]
[1, 320, 44, 209, 263, 73, 203, 257, 322, 71, 208, 257, 324, 76, 221, 259, 328, 44, 211, 263, 64, 190, 263, 336, 45, 211, 263, 66, 212, 267, 344, 47, 215, 263, 348, 68, 219, 257, 350, 69, 214, 257]
[1, 320, 40, 206, 263, 68, 206, 267, 328, 52, 221, 263, 332, 66, 208, 259, 336, 50, 210, 263, 64, 207, 270, 344, 38, 200, 263]
[1, 320, 37, 209, 263, 69, 224, 279, 328, 49, 224, 263, 336, 50, 216, 263, 344, 38, 204, 263, 73, 226, 259, 348, 71, 207, 259]
[1, 320, 39, 215, 263, 71, 216, 279, 328, 51, 223, 263, 336, 52, 220, 263, 344, 40, 200, 263, 74, 217, 259, 348, 73, 209, 259]
[1, 320, 41, 212, 263, 73, 215, 279, 328, 53, 219, 263, 336, 54, 214, 263, 344, 42, 205, 263, 76, 219, 259, 348, 74, 208, 259]
[1, 320, 47, 215, 263, 74, 212, 287, 328, 59, 222, 263, 336, 57, 214, 263, 344, 45, 204, 263]
[1, 320, 44, 212, 263, 64, 194, 275, 328, 56, 225, 263, 336, 52, 213, 263, 340, 68, 224, 259, 344, 56, 217, 263, 71, 215, 259, 348, 74, 219, 259]
[1, 320, 57, 217, 263, 74, 214, 259, 324, 71, 203, 259, 328, 45, 202, 263, 73, 218, 275, 336, 43, 206, 263, 344, 55, 220, 263, 348, 74, 215, 257, 350, 76, 217, 257]
[1, 320, 54, 211, 263, 69, 202, 275, 328, 42, 202, 263, 336, 40, 211, 263, 340, 73, 220, 259, 344, 52, 219, 263, 76, 227, 259, 348, 79, 221, 259]
[1, 320, 50, 211, 263, 78, 210, 279, 328, 38, 202, 263, 336, 37, 209, 263, 344, 49, 219, 263, 69, 192, 263]
[1, 320, 47, 207, 263, 68, 205, 259, 324, 71, 216, 259, 328, 47, 210, 263, 74, 218, 271, 336, 45, 211, 263, 344, 45, 212, 263, 66, 195, 263]
[1, 320, 44, 214, 263, 64, 202, 263, 328, 40, 206, 263, 71, 226, 259, 332, 73, 218, 257, 334, 74, 218, 261, 336, 45, 217, 263, 340, 73, 207, 263, 344, 50, 219, 263, 348, 71, 204, 259]
[1, 320, 52, 221, 263, 69, 209, 257, 322, 68, 207, 257, 324, 66, 208, 263, 328, 50, 208, 263, 332, 68, 213, 259, 336, 52, 213, 263, 69, 216, 263, 344, 40, 199, 263, 68, 211, 259, 348, 69, 214, 259]
[1, 320, 45, 217, 287, 69, 212, 287]
