[1, 186, 24, 105, 129, 52, 107, 173, 194, 36, 112, 129, 202, 35, 109, 129, 210, 23, 106, 129]
[1, 186, 21, 108, 129, 194, 33, 113, 129, 202, 31, 111, 129, 210, 19, 107, 129]
[1, 186, 17, 109, 129, 194, 29, 112, 129, 57, 112, 125, 198, 53, 108, 125, 202, 30, 111, 129, 50, 108, 125, 206, 48, 108, 125, 210, 18, 107, 129, 47, 108, 125, 214, 48, 111, 125]
[1, 186, 19, 110, 129, 47, 109, 137, 194, 31, 112, 129, 202, 29, 110, 129, 45, 108, 125, 206, 43, 110, 132, 210, 17, 106, 129]
[1, 186, 16, 110, 129, 55, 116, 155, 194, 28, 112, 129, 202, 26, 110, 129, 210, 26, 110, 129]
[1, 186, 25, 110, 129, 190, 52, 108, 125, 194, 37, 114, 129, 46, 106, 125, 198, 45, 109, 125, 202, 33, 110, 129, 50, 112, 125, 206, 49, 110, 125, 210, 21, 108, 129, 55, 114, 125, 214, 53, 110, 125]
[1, 186, 26, 110, 129, 53, 110, 155, 194, 38, 113, 129, 202, 36, 110, 129, 210, 24, 106, 129]
[1, 186, 23, 108, 129, 190, 50, 108, 125, 194, 35, 112, 129, 45, 107, 125, 198, 43, 108, 125, 202, 31, 109, 129, 48, 112, 125, 206, 47, 109, 125, 210, 19, 107, 129, 53, 114, 125, 214, 52, 110, 125]
[1, 186, 24, 111, 129, 52, 109, 145, 194, 36, 113, 129, 202, 35, 111, 129, 210, 23, 109, 129, 54, 112, 125, 214, 55, 112, 125]
[1, 186, 21, 109, 129, 48, 106, 129, 194, 33, 113, 129, 48, 109, 123, 196, 50, 112, 123, 198, 52, 111, 129, 202, 30, 109, 129, 206, 50, 109, 125, 210, 26, 109, 129, 50, 110, 125, 214, 48, 108, 125]
[1, 186, 31, 110, 129, 47, 108, 125, 190, 45, 109, 125, 194, 24, 108, 129, 45, 109, 123, 196, 47, 112, 123, 198, 48, 111, 132, 202, 26, 110, 129, 210, 26, 109, 129, 47, 108, 125, 214, 45, 108, 125]
[1, 186, 19, 109, 125, 43, 109, 153, 190, 21, 109, 125, 194, 23, 111, 125, 198, 24, 111, 125, 202, 26, 112, 125, 206, 29, 110, 125, 210, 28, 108, 125, 214, 26, 110, 125]
[1, 186, 24, 110, 129, 52, 115, 173, 194, 36, 113, 129, 202, 35, 110, 129, 210, 23, 107, 129]
[1, 186, 21, 109, 129, 194, 33, 112, 129, 202, 31, 109, 129, 210, 19, 109, 129]
[1, 186, 17, 108, 129, 194, 29, 112, 129, 57, 113, 125, 198, 53, 108, 125, 202, 30, 112, 129, 50, 108, 125, 206, 48, 107, 125, 210, 18, 108, 129, 47, 109, 125, 214, 48, 110, 125]
[1, 186, 19, 110, 129, 47, 109, 137, 194, 31, 113, 129, 202, 29, 109, 129, 45, 109, 125, 206, 43, 109, 132, 210, 17, 107, 129]
[1, 186, 16, 109, 129, 55, 115, 155, 194, 28, 112, 129, 202, 26, 110, 129, 210, 26, 110, 129]
[1, 186, 25, 110, 129, 190, 52, 109, 125, 194, 37, 113, 129, 46, 105, 125, 198, 45, 108, 125, 202, 33, 108, 129, 50, 113, 125, 206, 49, 109, 125, 210, 21, 107, 129, 55, 113, 125, 214, 53, 108, 125]
[1, 186, 26, 110, 129, 53, 110, 155, 194, 38, 113, 129, 202, 36, 110, 129, 210, 24, 107, 129]
[1, 186, 23, 109, 129, 190, 50, 108, 125, 194, 35, 113, 129, 45, 108, 125, 198, 43, 109, 125, 202, 31, 111, 129, 48, 111, 125, 206, 47, 109, 125, 210, 19, 107, 129, 53, 114, 125, 214, 52, 109, 125]
[1, 186, 24, 110, 129, 52, 110, 145, 194, 36, 113, 129, 202, 35, 109, 129, 210, 23, 107, 129, 54, 111, 125, 214, 55, 112, 125]
[1, 186, 21, 108, 129, 48, 106, 129, 194, 33, 113, 129, 48, 110, 123, 196, 50, 112, 123, 198, 52, 111, 129, 202, 30, 110, 129, 206, 50, 107, 125, 210, 26, 108, 129, 50, 110, 125, 214, 48, 110, 125]
[1, 186, 31, 111, 129, 47, 108, 125, 190, 45, 109, 125, 194, 24, 108, 129, 45, 111, 123, 196, 47, 112, 123, 198, 48, 110, 132, 202, 26, 110, 129, 210, 26, 110, 129, 47, 108, 125, 214, 45, 109, 125]
[1, 186, 31, 111, 153, 43, 110, 153]
[1, 186, 19, 107, 129, 47, 112, 141, 194, 31, 112, 129, 202, 29, 109, 129, 206, 48, 112, 123, 208, 47, 110, 123, 210, 17, 107, 129, 45, 109, 123, 212, 47, 112, 123, 214, 43, 108, 125]
[1, 186, 16, 109, 129, 55, 115, 145, 194, 28, 112, 129, 202, 26, 109, 129, 210, 26, 110, 129, 46, 106, 129]
[1, 186, 25, 110, 129, 45, 109, 129, 194, 37, 112, 129, 57, 115, 133, 202, 28, 109, 129, 206, 55, 108, 125, 210, 33, 112, 129, 53, 111, 125, 214, 52, 109, 125]
[1, 186, 26, 109, 129, 53, 111, 139, 194, 38, 114, 129, 202, 36, 109, 129, 204, 52, 109, 123, 206, 50, 109, 123, 208, 48, 110, 123, 210, 24, 107, 129, 47, 109, 125, 214, 45, 109, 125]
[1, 186, 23, 108, 129, 44, 108, 125, 190, 45, 111, 125, 194, 35, 112, 129, 47, 110, 133, 202, 33, 111, 129, 206, 48, 111, 125, 210, 21, 108, 129, 50, 111, 133]
[1, 186, 20, 110, 129, 190, 52, 112, 125, 194, 21, 110, 129, 53, 111, 137, 202, 23, 111, 129, 210, 20, 110, 129, 52, 110, 129]
[1, 186, 21, 110, 129, 50, 108, 125, 190, 48, 109, 125, 194, 29, 113, 129, 47, 110, 125, 198, 45, 108, 125, 202, 26, 109, 129, 47, 111, 125, 206, 48, 112, 123, 208, 50, 112, 123, 210, 28, 111, 129, 48, 109, 129]
[1, 186, 21, 108, 129, 45, 108, 153, 194, 33, 113, 129, 202, 31, 109, 129, 210, 19, 107, 129]
[1, 186, 18, 110, 129, 48, 112, 141, 194, 30, 113, 129, 202, 28, 110, 129, 206, 52, 113, 125, 210, 28, 111, 129, 50, 109, 125, 214, 48, 110, 125]
[1, 186, 26, 109, 129, 57, 115, 145, 194, 38, 113, 129, 202, 36, 109, 129, 210, 24, 107, 129, 55, 110, 125, 214, 54, 109, 125]
[1, 186, 23, 110, 129, 52, 109, 123, 188, 50, 108, 123, 190, 55, 113, 125, 194, 23, 110, 129, 43, 105, 129, 202, 24, 110, 129, 45, 110, 133, 210, 26, 111, 129, 214, 47, 110, 123, 216, 48, 112, 123]
[1, 186, 19, 107, 129, 47, 109, 133, 194, 31, 113, 129, 198, 45, 110, 125, 202, 29, 109, 129, 43, 108, 136, 210, 17, 107, 129]
[1, 186, 16, 109, 129, 48, 114, 145, 194, 28, 113, 129, 202, 29, 112, 129, 210, 17, 108, 129, 52, 112, 125, 214, 50, 109, 125]
[1, 186, 18, 110, 129, 50, 110, 145, 194, 30, 113, 129, 202, 31, 111, 129, 210, 19, 107, 129, 53, 112, 125, 214, 52, 109, 125]
[1, 186, 20, 110, 129, 52, 110, 145, 194, 32, 113, 129, 202, 33, 111, 129, 210, 21, 108, 129, 55, 112, 125, 214, 53, 109, 125]
[1, 186, 26, 111, 129, 53, 109, 153, 194, 38, 112, 129, 202, 36, 110, 129, 210, 24, 107, 129]
[1, 186, 23, 109, 129, 43, 105, 141, 194, 35, 112, 129, 202, 31, 109, 129, 206, 47, 113, 125, 210, 35, 112, 129, 50, 112, 125, 214, 53, 112, 125]
[1, 186, 36, 112, 129, 53, 111, 125, 190, 50, 108, 125, 194, 24, 106, 129, 52, 111, 141, 202, 22, 109, 129, 210, 34, 113, 129, 214, 53, 111, 123, 216, 55, 111, 123]
[1, 186, 33, 109, 129, 48, 107, 141, 194, 21, 107, 129, 202, 19, 109, 129, 206, 52, 113, 125, 210, 31, 113, 129, 55, 113, 125, 214, 58, 113, 125]
[1, 186, 29, 110, 129, 57, 110, 145, 194, 17, 106, 129, 202, 16, 110, 129, 210, 28, 113, 129, 48, 104, 129]
[1, 186, 26, 110, 129, 47, 108, 125, 190, 50, 112, 125, 194, 26, 110, 129, 53, 112, 137, 202, 24, 109, 129, 210, 24, 110, 129, 45, 107, 129]
[1, 186, 23, 110, 129, 43, 108, 129, 194, 19, 109, 129, 50, 114, 125, 198, 52, 111, 123, 200, 53, 111, 127, 202, 24, 111, 129, 206, 52, 110, 129, 210, 29, 111, 129, 214, 50, 110, 125]
[1, 186, 31, 110, 129, 48, 109, 123, 188, 47, 108, 123, 190, 45, 109, 129, 194, 29, 108, 129, 198, 47, 111, 125, 202, 31, 112, 129, 48, 112, 129, 210, 19, 107, 129, 47, 108, 125, 214, 48, 110, 125]
[1, 186, 24, 111, 153, 48, 111, 153]
[1, 186, 19, 109, 129, 47, 108, 141, 194, 31, 112, 129, 202, 29, 110, 129, 206, 48, 111, 123, 208, 47, 108, 123, 210, 17, 108, 129, 45, 110, 123, 212, 47, 112, 123, 214, 43, 107, 125]
[1, 186, 16, 109, 129, 55, 115, 145, 194, 28, 113, 129, 202, 26, 110, 129, 210, 26, 109, 129, 46, 106, 129]
[1, 186, 25, 110, 129, 45, 110, 129, 194, 37, 113, 129, 57, 115, 133, 202, 28, 107, 129, 206, 55, 108, 125, 210, 33, 111, 129, 53, 108, 125, 214, 52, 109, 125]
[1, 186, 26, 108, 129, 53, 111, 139, 194, 38, 114, 129, 202, 36, 110, 129, 204, 52, 109, 123, 206, 50, 110, 123, 208, 48, 107, 123, 210, 24, 106, 129, 47, 109, 125, 214, 45, 109, 125]
[1, 186, 23, 110, 129, 44, 109, 125, 190, 45, 110, 125, 194, 35, 114, 129, 47, 111, 133, 202, 33, 110, 129, 206, 48, 110, 125, 210, 21, 107, 129, 50, 112, 133]
[1, 186, 20, 110, 129, 190, 52, 111, 125, 194, 21, 110, 129, 53, 112, 137, 202, 23, 110, 129, 210, 20, 109, 129, 52, 110, 129]
[1, 186, 21, 110, 129, 50, 110, 125, 190, 48, 109, 125, 194, 29, 113, 129, 47, 109, 125, 198, 45, 108, 125, 202, 26, 109, 129, 47, 111, 125, 206, 48, 112, 123, 208, 50, 112, 123, 210, 28, 110, 129, 48, 108, 129]
[1, 186, 21, 109, 129, 45, 107, 153, 194, 33, 114, 129, 202, 31, 110, 129, 210, 19, 107, 129]
[1, 186, 18, 109, 129, 48, 112, 141, 194, 30, 113, 129, 202, 28, 110, 129, 206, 52, 112, 125, 210, 28, 110, 129, 50, 108, 125, 214, 48, 109, 125]
[1, 186, 26, 109, 129, 57, 115, 145, 194, 38, 113, 129, 202, 36, 110, 129, 210, 24, 107, 129, 55, 109, 125, 214, 54, 109, 125]
[1, 186, 23, 109, 129, 52, 108, 123, 188, 50, 109, 123, 190, 55, 112, 125, 194, 23, 110, 129, 43, 105, 129, 202, 24, 110, 129, 45, 110, 133, 210, 26, 111, 129, 214, 47, 112, 123, 216, 48, 111, 123]
[1, 186, 19, 109, 129, 47, 109, 133, 194, 31, 112, 129, 198, 45, 109, 125, 202, 29, 110, 129, 43, 109, 136, 210, 17, 107, 129]
[1, 186, 16, 109, 129, 48, 113, 145, 194, 28, 113, 129, 202, 29, 111, 129, 210, 17, 108, 129, 52, 114, 125, 214, 50, 109, 125]
[1, 186, 18, 111, 129, 50, 111, 145, 194, 30, 113, 129, 202, 31, 112, 129, 210, 19, 107, 129, 53, 111, 125, 214, 52, 109, 125]
[1, 186, 20, 110, 129, 52, 111, 145, 194, 32, 112, 129, 202, 33, 111, 129, 210, 21, 108, 129, 55, 112, 125, 214, 53, 109, 125]
[1, 186, 26, 111, 129, 53, 110, 153, 194, 38, 113, 129, 202, 36, 111, 129, 210, 24, 108, 129]
[1, 186, 23, 110, 129, 43, 106, 141, 194, 35, 113, 129, 202, 31, 110, 129, 206, 47, 113, 125, 210, 35, 111, 129, 50, 111, 125, 214, 53, 112, 125]
[1, 186, 36, 111, 129, 53, 111, 125, 190, 50, 108, 125, 194, 24, 108, 129, 52, 112, 141, 202, 22, 109, 129, 210, 34, 112, 129, 214, 53, 111, 123, 216, 55, 111, 123]
[1, 186, 33, 110, 129, 48, 108, 141, 194, 21, 108, 129, 202, 19, 110, 129, 206, 52, 112, 125, 210, 31, 112, 129, 55, 114, 125, 214, 58, 112, 125]
[1, 186, 29, 110, 129, 57, 110, 145, 194, 17, 108, 129, 202, 16, 109, 129, 210, 28, 112, 129, 48, 105, 129]
[1, 186, 26, 109, 129, 47, 108, 125, 190, 50, 111, 125, 194, 26, 110, 129, 53, 112, 137, 202, 24, 110, 129, 210, 24, 110, 129, 45, 106, 129]
[1, 186, 23, 111, 129, 43, 108, 129, 194, 19, 109, 129, 50, 114, 125, 198, 52, 112, 123, 200, 53, 112, 127, 202, 24, 111, 129, 206, 52, 109, 129, 210, 29, 112, 129, 214, 50, 108, 125]
[1, 186, 31, 112, 129, 48, 109, 123, 188, 47, 109, 123, 190, 45, 109, 129, 194, 29, 109, 129, 198, 47, 110, 125, 202, 31, 110, 129, 48, 111, 129, 210, 19, 107, 129, 47, 110, 125, 214, 48, 111, 125]
