[1, 186, 31, 106, 137, 188, 50, 106, 123, 190, 59, 113, 123, 192, 57, 108, 123, 194, 59, 109, 123, 196, 50, 104, 123, 198, 59, 111, 123, 200, 50, 105, 123, 202, 19, 105, 137, 204, 50, 105, 123, 206, 59, 111, 123, 208, 57, 107, 123, 210, 59, 110, 123, 212, 50, 104, 123, 214, 59, 111, 123, 216, 50, 105, 123]
[1, 186, 31, 110, 137, 188, 52, 107, 123, 190, 60, 112, 123, 192, 59, 109, 123, 194, 60, 110, 123, 196, 52, 105, 123, 198, 60, 113, 123, 200, 52, 105, 123, 202, 19, 107, 137, 204, 52, 106, 123, 206, 60, 112, 123, 208, 59, 107, 123, 210, 60, 110, 123, 212, 52, 104, 123, 214, 60, 112, 123, 216, 52, 106, 123]
[1, 186, 31, 110, 137, 188, 54, 107, 123, 190, 60, 111, 123, 192, 59, 106, 123, 194, 60, 108, 123, 196, 54, 106, 123, 198, 60, 110, 123, 200, 54, 105, 123, 202, 19, 107, 137, 204, 54, 106, 123, 206, 60, 111, 123, 208, 59, 107, 123, 210, 60, 109, 123, 212, 54, 106, 123, 214, 60, 111, 123, 216, 54, 105, 123]
[1, 186, 31, 110, 137, 188, 55, 106, 123, 190, 59, 109, 123, 192, 57, 106, 123, 194, 59, 109, 123, 196, 55, 107, 123, 198, 59, 110, 123, 200, 55, 107, 123, 202, 19, 106, 137, 204, 55, 105, 123, 206, 59, 112, 123, 208, 57, 107, 123, 210, 59, 110, 123, 212, 55, 107, 123, 214, 59, 110, 123, 216, 54, 106, 123]
[1, 186, 31, 111, 137, 188, 52, 107, 123, 190, 59, 111, 123, 192, 57, 108, 123, 194, 59, 109, 123, 196, 55, 105, 123, 198, 54, 106, 123, 200, 55, 109, 123, 202, 52, 106, 123, 204, 55, 110, 123, 206, 54, 106, 123, 208, 55, 109, 123, 210, 47, 104, 123, 212, 50, 110, 123, 214, 49, 108, 123, 216, 47, 105, 123]
[1, 186, 33, 106, 129, 45, 107, 123, 188, 55, 112, 123, 190, 57, 111, 123, 192, 55, 107, 123, 194, 37, 110, 129, 57, 110, 123, 196, 55, 108, 123, 198, 57, 109, 123, 200, 55, 108, 123, 202, 25, 105, 129, 45, 103, 123, 204, 55, 111, 123, 206, 57, 109, 123, 208, 55, 107, 123, 210, 37, 110, 129, 57, 109, 123, 212, 55, 108, 123, 214, 57, 110, 123, 216, 55, 109, 123]
[1, 186, 26, 105, 137, 54, 107, 123, 188, 57, 109, 123, 190, 62, 111, 123, 192, 61, 107, 123, 194, 62, 109, 123, 196, 57, 105, 123, 198, 55, 106, 123, 200, 57, 109, 123, 202, 54, 107, 123, 204, 57, 111, 123, 206, 55, 108, 123, 208, 57, 108, 123, 210, 50, 104, 123, 212, 54, 109, 123, 214, 52, 107, 123, 216, 50, 108, 123]
[1, 186, 28, 106, 137, 188, 47, 107, 123, 190, 55, 112, 123, 192, 54, 108, 123, 194, 55, 109, 123, 196, 47, 105, 123, 198, 55, 111, 123, 200, 47, 106, 123, 202, 40, 110, 137, 204, 47, 106, 123, 206, 55, 111, 123, 208, 54, 108, 123, 210, 55, 109, 123, 212, 47, 105, 123, 214, 55, 112, 123, 216, 47, 106, 123]
[1, 186, 21, 106, 137, 188, 49, 105, 123, 190, 50, 108, 123, 192, 52, 111, 123, 194, 50, 107, 123, 196, 49, 108, 123, 198, 47, 107, 123, 200, 45, 108, 123, 202, 37, 113, 129, 43, 113, 129, 55, 112, 123, 204, 54, 107, 123, 206, 52, 107, 123, 208, 62, 113, 123, 210, 33, 107, 129, 37, 107, 129, 61, 108, 123, 212, 59, 106, 123, 214, 57, 107, 123, 216, 55, 108, 123]
[1, 186, 26, 106, 137, 54, 107, 123, 188, 52, 106, 123, 190, 50, 106, 123, 192, 62, 113, 123, 194, 57, 106, 123, 196, 62, 111, 123, 198, 54, 105, 123, 200, 57, 110, 123, 202, 30, 110, 137, 33, 110, 137, 38, 110, 137, 50, 104, 123, 204, 52, 108, 123, 206, 54, 109, 123, 208, 57, 111, 123, 210, 55, 107, 123, 212, 54, 108, 123, 214, 52, 106, 123, 216, 50, 106, 123]
[1, 186, 26, 108, 137, 56, 111, 123, 188, 50, 104, 123, 190, 53, 109, 123, 192, 52, 108, 123, 194, 53, 109, 123, 196, 50, 106, 123, 198, 56, 111, 123, 200, 50, 105, 123, 202, 29, 112, 137, 35, 112, 137, 59, 112, 123, 204, 50, 105, 123, 206, 53, 109, 123, 208, 52, 108, 123, 210, 53, 108, 123, 212, 50, 106, 123, 214, 56, 111, 123, 216, 50, 106, 123]
[1, 186, 24, 107, 137, 48, 107, 123, 188, 52, 109, 123, 190, 57, 110, 123, 192, 59, 111, 123, 194, 60, 110, 123, 196, 57, 107, 123, 198, 52, 107, 123, 200, 50, 107, 123, 202, 33, 110, 137, 36, 110, 137, 204, 52, 106, 123, 206, 57, 110, 123, 208, 59, 111, 123, 210, 60, 110, 123, 212, 57, 106, 123, 214, 54, 107, 123, 216, 52, 106, 123]
[1, 186, 23, 106, 137, 51, 106, 123, 188, 54, 110, 123, 190, 51, 107, 123, 192, 54, 109, 123, 194, 57, 110, 123, 196, 54, 107, 123, 198, 57, 109, 123, 200, 54, 106, 123, 202, 35, 111, 137, 39, 111, 137, 51, 105, 123, 204, 54, 111, 123, 206, 51, 106, 123, 208, 54, 109, 123, 210, 57, 110, 123, 212, 54, 107, 123, 214, 57, 110, 123, 216, 54, 106, 123]
[1, 186, 28, 107, 129, 55, 109, 123, 188, 54, 108, 123, 190, 52, 106, 123, 192, 55, 110, 123, 194, 33, 110, 129, 36, 110, 129, 54, 108, 123, 196, 55, 110, 123, 198, 57, 110, 123, 200, 54, 107, 123, 202, 31, 109, 129, 35, 109, 129, 55, 110, 123, 204, 54, 108, 123, 206, 52, 107, 123, 208, 50, 107, 123, 210, 40, 113, 129, 43, 113, 129, 48, 107, 123, 212, 47, 109, 123, 214, 45, 107, 123, 216, 43, 106, 123]
[1, 186, 30, 107, 125, 42, 108, 123, 188, 48, 112, 123, 190, 36, 110, 125, 50, 110, 123, 192, 48, 107, 123, 194, 38, 108, 125, 50, 110, 123, 196, 48, 108, 123, 198, 36, 108, 125, 50, 109, 123, 200, 48, 107, 123, 202, 30, 106, 125, 42, 106, 123, 204, 48, 110, 123, 206, 36, 109, 125, 50, 110, 123, 208, 48, 107, 123, 210, 38, 109, 125, 50, 109, 123, 212, 48, 106, 123, 214, 36, 108, 125, 50, 108, 123, 216, 48, 108, 123]
[1, 186, 31, 109, 137, 35, 109, 137, 38, 109, 137, 43, 105, 123, 188, 47, 110, 123, 190, 53, 112, 123, 192, 52, 107, 123, 194, 53, 109, 123, 196, 47, 105, 123, 198, 53, 111, 123, 200, 47, 105, 123, 202, 19, 106, 137, 43, 106, 123, 204, 47, 109, 123, 206, 53, 111, 123, 208, 52, 107, 123, 210, 53, 109, 123, 212, 47, 105, 123, 214, 53, 110, 123, 216, 47, 106, 123]
[1, 186, 31, 110, 125, 43, 106, 123, 188, 48, 111, 123, 190, 36, 110, 125, 52, 111, 123, 192, 50, 107, 123, 194, 43, 111, 125, 52, 109, 123, 196, 48, 106, 123, 198, 36, 106, 125, 52, 111, 123, 200, 48, 106, 123, 202, 19, 106, 125, 43, 105, 123, 204, 48, 110, 123, 206, 36, 109, 125, 52, 111, 123, 208, 50, 107, 123, 210, 43, 112, 125, 52, 109, 123, 212, 48, 107, 123, 214, 36, 106, 125, 52, 110, 123, 216, 48, 106, 123]
[1, 186, 31, 112, 137, 38, 112, 137, 42, 112, 137, 45, 112, 137, 188, 54, 106, 123, 190, 60, 111, 123, 192, 59, 107, 123, 194, 60, 110, 123, 196, 54, 105, 123, 198, 60, 110, 123, 200, 54, 104, 123, 202, 19, 106, 137, 204, 54, 107, 123, 206, 60, 113, 123, 208, 59, 107, 123, 210, 60, 109, 123, 212, 54, 105, 123, 214, 60, 110, 123, 216, 54, 105, 123]
[1, 186, 31, 113, 137, 35, 113, 137, 38, 113, 137, 43, 113, 137, 188, 50, 107, 123, 190, 59, 113, 123, 192, 57, 108, 123, 194, 59, 109, 123, 196, 55, 107, 123, 198, 54, 107, 123, 200, 52, 106, 123, 202, 38, 108, 129, 50, 107, 123, 204, 48, 107, 123, 206, 47, 107, 123, 208, 45, 107, 123, 210, 31, 107, 129, 43, 107, 123, 212, 42, 106, 123, 214, 40, 108, 123, 216, 38, 107, 123]
[1, 186, 33, 108, 129, 37, 108, 123, 188, 45, 112, 123, 190, 52, 112, 123, 192, 54, 110, 123, 194, 37, 109, 129, 55, 109, 123, 196, 52, 106, 123, 198, 54, 109, 123, 200, 55, 109, 123, 202, 25, 106, 129, 37, 106, 123, 204, 45, 111, 123, 206, 52, 113, 123, 208, 54, 111, 123, 210, 37, 111, 129, 55, 109, 123, 212, 52, 108, 123, 214, 54, 109, 123, 216, 55, 109, 123]
[1, 186, 24, 106, 129, 36, 105, 123, 188, 45, 111, 123, 190, 50, 112, 123, 192, 52, 110, 123, 194, 36, 111, 129, 54, 109, 123, 196, 50, 106, 123, 198, 52, 109, 123, 200, 54, 109, 123, 202, 24, 105, 129, 36, 106, 123, 204, 45, 113, 123, 206, 50, 111, 123, 208, 52, 108, 123, 210, 36, 111, 129, 54, 110, 123, 212, 50, 106, 123, 214, 52, 109, 123, 216, 54, 110, 123]
[1, 186, 24, 105, 133, 36, 106, 123, 188, 45, 113, 123, 190, 50, 111, 123, 192, 54, 111, 123, 194, 57, 110, 123, 196, 61, 110, 123, 198, 36, 108, 129, 45, 111, 129, 50, 110, 127, 54, 110, 127, 57, 110, 127, 62, 110, 127, 204, 45, 102, 123, 206, 47, 108, 123, 208, 48, 109, 123, 210, 50, 110, 123, 212, 52, 110, 123, 214, 54, 109, 123, 216, 55, 109, 123]
[1, 186, 26, 107, 129, 57, 110, 123, 188, 54, 106, 123, 190, 50, 107, 123, 192, 52, 109, 123, 194, 26, 107, 129, 54, 110, 123, 196, 55, 110, 123, 198, 57, 110, 123, 200, 59, 110, 123, 202, 38, 110, 129, 60, 109, 123, 204, 57, 107, 123, 206, 54, 106, 123, 208, 55, 110, 123, 210, 38, 108, 129, 57, 110, 123, 212, 59, 108, 123, 214, 60, 110, 123, 216, 62, 110, 123]
[1, 186, 26, 106, 129, 54, 107, 137, 63, 108, 123, 188, 62, 107, 123, 190, 61, 107, 123, 192, 62, 107, 123, 194, 36, 113, 129, 38, 113, 129, 45, 113, 129, 62, 108, 123, 196, 60, 107, 123, 198, 59, 105, 123, 200, 60, 110, 123, 202, 50, 108, 129, 54, 108, 127, 60, 107, 123, 204, 57, 107, 123, 206, 54, 105, 123, 208, 52, 107, 123, 210, 38, 103, 129, 42, 103, 129, 50, 107, 123, 212, 45, 105, 123, 214, 47, 108, 123, 216, 48, 110, 123]
[1, 186, 26, 106, 129, 38, 106, 123, 188, 45, 111, 123, 190, 50, 111, 123, 192, 54, 110, 123, 194, 36, 111, 129, 57, 110, 123, 196, 59, 110, 123, 198, 60, 109, 123, 200, 57, 107, 123, 202, 26, 106, 129, 59, 109, 123, 204, 55, 106, 123, 206, 50, 105, 123, 208, 48, 107, 123, 210, 35, 110, 129, 47, 107, 123, 212, 43, 106, 123, 214, 45, 109, 123, 216, 47, 110, 123]
[1, 186, 26, 107, 129, 38, 106, 123, 188, 43, 110, 123, 190, 47, 110, 123, 192, 50, 111, 123, 194, 35, 110, 129, 55, 111, 123, 196, 57, 110, 123, 198, 59, 110, 123, 200, 55, 106, 123, 202, 26, 106, 129, 52, 106, 129, 61, 111, 123, 204, 58, 107, 123, 206, 57, 108, 123, 208, 58, 109, 123, 210, 40, 111, 129, 49, 107, 129, 58, 109, 123, 212, 57, 107, 123, 214, 56, 107, 123, 216, 57, 108, 123]
[1, 186, 26, 107, 129, 49, 108, 129, 57, 108, 123, 188, 55, 107, 123, 190, 54, 106, 123, 192, 55, 110, 123, 194, 40, 110, 129, 49, 108, 127, 55, 109, 123, 196, 52, 106, 123, 198, 49, 106, 123, 200, 47, 107, 123, 202, 33, 106, 129, 45, 108, 123, 204, 49, 111, 123, 206, 52, 110, 123, 208, 55, 110, 123, 210, 45, 114, 129, 57, 110, 123, 212, 61, 111, 123, 214, 62, 110, 123, 216, 61, 107, 123]
[1, 186, 38, 108, 125, 62, 111, 123, 188, 57, 106, 123, 190, 33, 108, 125, 54, 108, 123, 192, 52, 107, 123, 194, 30, 108, 125, 54, 110, 123, 196, 57, 109, 123, 198, 33, 108, 125, 50, 105, 123, 200, 54, 110, 123, 202, 26, 106, 125, 45, 105, 123, 204, 50, 110, 123, 206, 49, 108, 123, 208, 47, 107, 123, 210, 45, 106, 123, 212, 43, 109, 123, 214, 42, 107, 123, 216, 40, 107, 123]
[1, 186, 26, 107, 129, 38, 107, 125, 190, 60, 113, 123, 192, 59, 109, 123, 194, 26, 108, 129, 57, 107, 123, 196, 55, 106, 123, 198, 54, 106, 123, 200, 52, 108, 123, 202, 26, 108, 129, 50, 106, 123, 204, 60, 113, 123, 206, 59, 107, 123, 208, 57, 107, 123, 210, 26, 108, 129, 55, 107, 123, 212, 54, 107, 123, 214, 52, 107, 123, 216, 50, 107, 123]
[1, 186, 26, 108, 129, 48, 108, 123, 188, 59, 114, 123, 190, 57, 108, 123, 192, 55, 107, 123, 194, 26, 108, 129, 54, 107, 123, 196, 52, 107, 123, 198, 50, 107, 123, 200, 48, 107, 123, 202, 26, 108, 129, 47, 107, 123, 204, 57, 113, 123, 206, 55, 108, 123, 208, 54, 107, 123, 210, 26, 109, 129, 52, 107, 123, 212, 50, 106, 123, 214, 48, 107, 123, 216, 47, 108, 123]
[1, 186, 26, 109, 129, 45, 107, 123, 188, 55, 114, 123, 190, 54, 108, 123, 192, 52, 108, 123, 194, 42, 115, 125, 54, 109, 123, 196, 57, 109, 123, 198, 38, 108, 125, 50, 106, 123, 200, 57, 112, 123, 202, 40, 108, 125, 52, 106, 123, 204, 57, 111, 123, 206, 42, 109, 125, 54, 108, 123, 208, 57, 109, 123, 210, 43, 109, 125, 55, 107, 123, 212, 57, 109, 123, 214, 40, 107, 125, 52, 106, 123, 216, 57, 110, 123]
[1, 186, 42, 110, 125, 54, 107, 123, 188, 57, 110, 123, 190, 38, 107, 125, 50, 104, 123, 192, 57, 111, 123, 194, 43, 111, 125, 55, 107, 123, 196, 57, 110, 123, 198, 40, 108, 125, 52, 107, 123, 200, 57, 111, 123, 202, 42, 109, 125, 54, 106, 123, 204, 57, 110, 123, 206, 38, 107, 125, 50, 104, 123, 208, 57, 111, 123, 210, 43, 110, 125, 55, 108, 123, 212, 57, 109, 123, 214, 40, 108, 125, 52, 107, 123, 216, 57, 111, 123]
[1, 186, 42, 110, 125, 54, 107, 123, 188, 57, 109, 123, 190, 38, 108, 125, 50, 105, 123, 192, 57, 110, 123, 194, 40, 108, 125, 52, 108, 123, 196, 57, 111, 123, 198, 42, 109, 125, 54, 107, 123, 200, 57, 109, 123, 202, 43, 109, 125, 55, 107, 123, 204, 57, 110, 123, 206, 45, 109, 125, 57, 108, 123, 208, 57, 108, 123, 210, 47, 111, 125, 59, 109, 123, 212, 57, 106, 123, 214, 26, 106, 125, 216, 57, 107, 123]
[1, 186, 45, 113, 125, 57, 108, 123, 188, 57, 108, 123, 190, 47, 110, 125, 59, 109, 123, 192, 57, 108, 123, 194, 48, 109, 125, 60, 109, 123, 196, 57, 107, 123, 198, 26, 105, 125, 200, 57, 106, 123, 202, 47, 113, 125, 59, 109, 123, 204, 57, 108, 123, 206, 48, 110, 125, 60, 109, 123, 208, 57, 107, 123, 210, 50, 110, 125, 62, 111, 123, 212, 57, 105, 123, 214, 47, 107, 125, 59, 110, 123, 216, 57, 107, 123]
[1, 186, 48, 109, 125, 60, 109, 123, 188, 57, 107, 123, 190, 47, 109, 125, 59, 110, 123, 192, 57, 109, 123, 194, 48, 110, 125, 60, 110, 123, 196, 57, 107, 123, 198, 45, 107, 125, 57, 108, 123, 200, 57, 108, 123, 202, 47, 109, 125, 59, 109, 123, 204, 57, 107, 123, 206, 45, 107, 125, 57, 108, 123, 208, 57, 109, 123, 210, 47, 110, 125, 59, 109, 123, 212, 57, 108, 123, 214, 43, 106, 125, 55, 107, 123, 216, 57, 109, 123]
[1, 186, 45, 109, 125, 57, 109, 123, 188, 57, 109, 123, 190, 43, 108, 125, 55, 106, 123, 192, 57, 110, 123, 194, 45, 109, 125, 57, 107, 123, 196, 57, 108, 123, 198, 42, 106, 125, 54, 107, 123, 200, 57, 109, 123, 202, 43, 108, 125, 55, 107, 123, 204, 57, 110, 123, 206, 42, 108, 125, 54, 106, 123, 208, 57, 110, 123, 210, 43, 109, 125, 55, 107, 123, 212, 57, 110, 123, 214, 40, 107, 125, 52, 106, 123, 216, 57, 110, 123]
[1, 186, 42, 110, 125, 54, 107, 123, 188, 57, 110, 123, 190, 38, 108, 125, 50, 104, 123, 192, 52, 109, 123, 194, 44, 108, 123, 53, 108, 123, 196, 38, 105, 123, 198, 45, 112, 123, 54, 112, 123, 200, 38, 107, 123, 202, 46, 113, 123, 55, 113, 123, 204, 38, 106, 123, 206, 47, 113, 123, 56, 113, 123, 208, 38, 106, 123, 210, 48, 114, 123, 57, 114, 123, 212, 38, 107, 123, 214, 49, 113, 123, 58, 113, 123, 216, 38, 107, 123]
[1, 186, 50, 114, 123, 59, 114, 123, 188, 38, 106, 123, 190, 51, 112, 123, 60, 112, 123, 192, 38, 107, 123, 194, 52, 114, 123, 61, 114, 123, 196, 38, 106, 123, 198, 53, 112, 123, 62, 112, 123, 200, 38, 107, 123, 202, 54, 113, 123, 63, 113, 123, 204, 38, 107, 123, 206, 55, 113, 123, 64, 113, 123, 208, 38, 107, 123, 210, 56, 113, 123, 65, 113, 123, 212, 38, 106, 123, 214, 57, 114, 123, 66, 114, 123, 216, 38, 107, 123]
[1, 186, 26, 106, 123, 31, 106, 123, 67, 113, 123, 188, 38, 110, 123, 59, 106, 123, 190, 35, 107, 123, 50, 103, 123, 192, 38, 108, 123, 59, 112, 123, 194, 26, 107, 123, 31, 107, 123, 67, 113, 123, 196, 38, 110, 123, 59, 105, 123, 198, 35, 108, 123, 67, 113, 123, 200, 38, 108, 123, 59, 105, 123, 202, 26, 108, 123, 31, 108, 123, 67, 113, 123, 204, 38, 110, 123, 59, 105, 123, 206, 35, 108, 123, 50, 104, 123, 208, 38, 107, 123, 59, 112, 123, 210, 26, 106, 123, 31, 106, 123, 67, 112, 123, 212, 38, 109, 123, 59, 106, 123, 214, 35, 107, 123, 67, 111, 123, 216, 38, 108, 123, 59, 105, 123]
[1, 186, 26, 106, 123, 33, 106, 123, 67, 111, 123, 188, 38, 108, 123, 57, 104, 123, 190, 33, 107, 123, 50, 104, 123, 192, 38, 109, 123, 57, 112, 123, 194, 26, 106, 123, 33, 106, 123, 67, 113, 123, 196, 38, 108, 123, 57, 105, 123, 198, 33, 107, 123, 67, 111, 123, 200, 38, 109, 123, 57, 104, 123, 202, 26, 108, 123, 33, 108, 123, 67, 112, 123, 204, 38, 109, 123, 57, 104, 123, 206, 33, 107, 123, 50, 105, 123, 208, 38, 110, 123, 57, 111, 123, 210, 26, 106, 123, 33, 106, 123, 67, 113, 123, 212, 38, 109, 123, 57, 105, 123, 214, 33, 107, 123, 67, 111, 123, 216, 38, 109, 123, 57, 104, 123]
[1, 186, 30, 108, 123, 33, 108, 123, 66, 112, 123, 188, 38, 109, 123, 60, 106, 123, 190, 33, 107, 123, 50, 103, 123, 192, 38, 109, 123, 60, 112, 123, 194, 26, 106, 123, 66, 111, 123, 196, 38, 109, 123, 60, 105, 123, 198, 33, 108, 123, 66, 110, 123, 200, 38, 109, 123, 60, 106, 123, 202, 30, 108, 123, 33, 108, 123, 66, 111, 123, 204, 38, 109, 123, 60, 107, 123, 206, 33, 108, 123, 50, 104, 123, 208, 38, 109, 123, 60, 111, 123, 210, 26, 106, 123, 66, 111, 123, 212, 38, 111, 123, 60, 106, 123, 214, 33, 107, 123, 66, 110, 123, 216, 38, 109, 123, 60, 106, 123]
