[1, 320, 47, 221, 263, 59, 220, 259, 325, 62, 230, 258, 328, 47, 234, 263, 64, 241, 259, 333, 66, 227, 273, 336, 47, 229, 263, 344, 47, 230, 263]
[1, 320, 47, 230, 263, 66, 230, 259, 325, 64, 216, 258, 328, 47, 228, 263, 62, 213, 259, 333, 59, 216, 273, 336, 47, 232, 263, 344, 47, 229, 263]
[1, 320, 47, 231, 263, 59, 236, 259, 325, 62, 225, 258, 328, 47, 233, 263, 64, 240, 259, 333, 66, 228, 273, 336, 47, 229, 263, 344, 47, 225, 263]
[1, 320, 47, 235, 263, 66, 232, 259, 325, 64, 217, 258, 328, 47, 231, 263, 62, 215, 259, 333, 59, 217, 273, 336, 47, 235, 263, 344, 47, 230, 263]
[1, 320, 52, 234, 263, 59, 233, 259, 325, 62, 232, 258, 328, 52, 230, 263, 64, 246, 259, 333, 66, 227, 273, 336, 52, 232, 263, 344, 52, 228, 263]
[1, 320, 52, 229, 263, 66, 228, 259, 325, 64, 215, 258, 328, 52, 229, 263, 62, 217, 259, 333, 59, 215, 273, 336, 52, 231, 263, 344, 52, 226, 263]
[1, 320, 47, 222, 263, 59, 229, 259, 325, 62, 230, 258, 328, 47, 231, 263, 64, 242, 259, 333, 66, 228, 273, 336, 47, 230, 263, 344, 47, 235, 263]
[1, 320, 47, 230, 263, 66, 230, 259, 325, 64, 212, 258, 328, 47, 233, 263, 62, 209, 259, 333, 59, 216, 273, 336, 47, 227, 263, 344, 47, 231, 263]
[1, 320, 54, 243, 263, 66, 248, 259, 325, 66, 221, 258, 328, 54, 233, 263, 69, 240, 259, 333, 66, 217, 258, 336, 54, 229, 263, 69, 239, 259, 341, 66, 217, 262, 344, 54, 232, 263, 349, 66, 218, 288]
[1, 320, 52, 226, 263, 328, 52, 226, 263, 336, 52, 231, 263, 344, 52, 228, 263]
[1, 320, 47, 222, 263, 66, 230, 259, 325, 66, 222, 258, 328, 47, 230, 263, 69, 232, 259, 333, 66, 216, 258, 336, 47, 232, 263, 69, 241, 259, 341, 66, 211, 262, 344, 47, 228, 263, 349, 66, 221, 288]
[1, 320, 47, 232, 263, 328, 47, 233, 263, 336, 47, 234, 263, 344, 47, 231, 263]
[1, 320, 47, 229, 263, 59, 226, 259, 325, 62, 231, 258, 328, 47, 230, 263, 64, 245, 259, 333, 66, 221, 273, 336, 47, 229, 263, 344, 47, 231, 263]
[1, 320, 47, 235, 263, 66, 231, 259, 325, 64, 214, 258, 328, 47, 230, 263, 62, 210, 259, 333, 59, 217, 273, 336, 47, 233, 263, 344, 47, 229, 263]
[1, 320, 47, 230, 263, 59, 233, 259, 325, 62, 228, 258, 328, 47, 229, 263, 64, 247, 259, 333, 66, 230, 273, 336, 47, 224, 263, 344, 47, 234, 263]
[1, 320, 47, 234, 263, 66, 229, 259, 325, 64, 215, 258, 328, 47, 230, 263, 62, 215, 259, 333, 59, 220, 273, 336, 47, 232, 263, 344, 47, 232, 263]
[1, 320, 52, 235, 263, 59, 233, 259, 325, 62, 232, 258, 328, 52, 233, 263, 64, 246, 259, 333, 66, 231, 273, 336, 52, 232, 263, 344, 52, 228, 263]
[1, 320, 52, 225, 263, 66, 232, 259, 325, 64, 218, 258, 328, 52, 230, 263, 62, 216, 259, 333, 59, 212, 273, 336, 52, 229, 263, 344, 52, 231, 263]
[1, 320, 47, 224, 263, 59, 232, 259, 325, 62, 230, 258, 328, 47, 231, 263, 64, 242, 259, 333, 66, 227, 273, 336, 47, 232, 263, 344, 47, 231, 263]
[1, 320, 47, 230, 263, 66, 225, 259, 325, 64, 215, 258, 328, 47, 229, 263, 62, 211, 259, 333, 59, 213, 273, 336, 47, 232, 263, 344, 47, 234, 263]
[1, 320, 54, 239, 263, 66, 249, 259, 325, 66, 225, 258, 328, 54, 234, 263, 69, 241, 259, 333, 66, 217, 258, 336, 54, 236, 263, 69, 242, 259, 341, 66, 217, 262, 344, 54, 229, 263, 349, 66, 216, 288]
[1, 320, 52, 226, 263, 328, 52, 231, 263, 336, 52, 232, 263, 344, 52, 235, 263]
[1, 320, 47, 225, 263, 66, 235, 259, 325, 66, 226, 258, 328, 47, 231, 263, 69, 239, 259, 333, 66, 211, 258, 336, 47, 232, 263, 69, 239, 259, 341, 66, 215, 262, 344, 47, 230, 263, 349, 66, 218, 288]
[1, 320, 47, 231, 263, 328, 47, 234, 263, 336, 47, 233, 263, 344, 47, 232, 263]
