[1, 340, 66, 179, 259, 344, 67, 176, 259, 348, 69, 196, 259]
[1, 320, 71, 206, 267, 332, 69, 185, 259, 336, 71, 189, 259, 340, 76, 198, 259, 344, 74, 196, 259, 348, 71, 184, 259]
[1, 320, 69, 183, 259, 324, 67, 182, 259, 328, 64, 178, 266, 340, 67, 195, 259, 344, 71, 202, 259, 348, 72, 193, 259]
[1, 320, 74, 199, 267, 332, 76, 192, 259, 336, 74, 193, 259, 340, 71, 180, 259, 344, 67, 173, 259, 348, 71, 192, 259]
[1, 320, 69, 185, 274, 340, 66, 183, 259, 344, 67, 185, 259, 348, 69, 192, 259]
[1, 320, 71, 197, 267, 332, 69, 184, 259, 336, 71, 185, 259, 340, 76, 200, 259, 344, 74, 195, 259, 348, 71, 183, 259]
[1, 320, 69, 180, 259, 324, 67, 183, 259, 328, 64, 177, 266, 340, 66, 196, 259, 344, 67, 204, 259, 348, 69, 197, 259]
[1, 320, 71, 197, 267, 332, 72, 192, 259, 336, 71, 191, 259, 340, 69, 189, 259, 344, 67, 189, 259, 348, 66, 183, 259]
[1, 320, 67, 182, 274, 340, 74, 226, 259, 344, 76, 225, 259, 348, 78, 234, 259]
[1, 320, 79, 233, 267, 332, 78, 227, 259, 336, 78, 231, 259, 340, 76, 222, 259, 344, 74, 223, 259, 348, 71, 217, 259]
[1, 320, 74, 238, 259, 324, 71, 231, 259, 328, 67, 219, 266, 340, 74, 245, 259, 344, 76, 253, 259, 348, 78, 234, 259]
[1, 320, 79, 239, 267, 332, 78, 227, 259, 336, 78, 235, 259, 340, 76, 231, 259, 344, 74, 218, 259, 348, 71, 207, 259]
[1, 320, 69, 222, 274, 340, 74, 243, 259, 344, 74, 233, 259, 348, 74, 236, 259]
[1, 320, 83, 242, 267, 332, 81, 233, 259, 336, 81, 221, 259, 340, 79, 209, 259, 344, 76, 215, 259, 348, 79, 223, 259]
[1, 320, 74, 215, 259, 324, 71, 205, 259, 328, 67, 215, 266, 340, 66, 221, 259, 344, 67, 228, 259, 348, 69, 230, 259]
[1, 320, 71, 237, 259, 324, 76, 239, 259, 328, 74, 233, 259, 332, 71, 217, 259, 336, 69, 211, 259, 340, 67, 219, 259, 344, 64, 211, 259, 348, 62, 232, 259, 66, 232, 259]
[1, 320, 67, 236, 285]
