[1, 186, 29, 106, 145, 33, 106, 145, 36, 106, 145, 210, 29, 107, 145, 33, 107, 145, 36, 107, 145, 45, 105, 133]
[1, 190, 45, 105, 129, 198, 45, 105, 125, 202, 29, 109, 145, 33, 109, 145, 36, 109, 145, 48, 105, 141]
[1, 190, 48, 105, 125, 194, 29, 110, 145, 34, 110, 145, 38, 110, 145, 50, 105, 129, 202, 50, 105, 125, 206, 46, 105, 129, 214, 50, 105, 125]
[1, 186, 29, 107, 145, 33, 107, 145, 36, 107, 145, 53, 105, 145, 210, 29, 109, 145, 33, 109, 145, 36, 109, 145, 48, 105, 129]
[1, 186, 48, 105, 125, 190, 45, 105, 129, 198, 43, 105, 125, 202, 29, 108, 145, 33, 108, 145, 36, 108, 145, 41, 105, 133, 214, 45, 105, 129]
[1, 190, 46, 105, 125, 194, 34, 108, 145, 36, 108, 145, 48, 105, 133, 206, 46, 105, 129, 214, 43, 105, 125]
[1, 186, 29, 109, 145, 33, 109, 145, 36, 109, 145, 41, 105, 145, 210, 29, 109, 145, 33, 109, 145, 36, 109, 145]
[1, 202, 29, 108, 145, 33, 108, 145, 36, 108, 145, 45, 105, 133, 214, 45, 105, 129]
[1, 190, 45, 105, 125, 194, 29, 108, 145, 33, 108, 145, 36, 108, 145, 48, 105, 141, 214, 48, 105, 125]
[1, 186, 29, 108, 145, 34, 108, 145, 38, 108, 145, 50, 105, 129, 194, 50, 105, 125, 198, 46, 105, 129, 206, 50, 105, 125, 210, 29, 107, 145, 33, 107, 145, 36, 107, 145, 53, 105, 145]
[1, 202, 39, 108, 145, 48, 105, 129, 210, 48, 105, 125, 214, 47, 105, 129]
[1, 190, 45, 105, 125, 194, 40, 108, 145, 52, 105, 133, 206, 48, 105, 129, 214, 50, 105, 125]
[1, 186, 32, 107, 145, 52, 105, 133, 198, 53, 105, 129, 206, 52, 105, 125, 210, 33, 109, 145, 36, 109, 145, 40, 109, 145, 45, 105, 145]
[1, 202, 33, 109, 145, 36, 109, 145, 40, 109, 145]
[1, 190, 48, 106, 125, 194, 34, 106, 145, 36, 106, 145, 48, 109, 133, 206, 50, 110, 133]
[1, 186, 34, 108, 145, 36, 108, 145, 43, 106, 133, 198, 48, 110, 133, 210, 29, 109, 145, 33, 109, 145, 36, 109, 145, 50, 110, 129]
[1, 186, 48, 107, 125, 190, 53, 110, 129, 198, 45, 106, 125, 202, 29, 108, 145, 33, 108, 145, 36, 108, 145, 50, 111, 133, 214, 48, 107, 129]
[1, 190, 48, 108, 125, 194, 34, 107, 145, 36, 107, 145, 48, 108, 133, 206, 50, 110, 133]
[1, 186, 34, 108, 145, 36, 108, 145, 43, 105, 133, 198, 48, 110, 133, 210, 29, 108, 145, 33, 108, 145, 36, 108, 145, 50, 110, 129]
[1, 186, 48, 106, 125, 190, 53, 110, 129, 198, 45, 105, 125, 202, 29, 109, 145, 33, 109, 145, 36, 109, 145, 48, 109, 145]
[1, 194, 29, 108, 133, 33, 108, 133, 38, 108, 133, 53, 111, 155, 206, 29, 107, 133, 33, 107, 133, 38, 107, 133]
[1, 186, 29, 110, 133, 33, 110, 133, 38, 110, 133, 198, 29, 108, 133, 33, 108, 133, 38, 108, 133, 52, 108, 129, 206, 50, 107, 125, 210, 28, 107, 133, 33, 107, 133, 36, 107, 133, 52, 109, 159]
[1, 190, 28, 108, 133, 33, 108, 133, 36, 108, 133, 202, 28, 108, 133, 33, 108, 133, 36, 108, 133, 214, 28, 107, 133, 33, 107, 133, 36, 107, 133]
[1, 190, 52, 108, 125, 194, 31, 108, 133, 34, 108, 133, 38, 108, 133, 55, 110, 153, 206, 31, 107, 133, 34, 107, 133, 38, 107, 133]
[1, 186, 31, 109, 133, 34, 109, 133, 38, 109, 133, 194, 50, 106, 125, 198, 31, 109, 133, 34, 109, 133, 38, 109, 133, 50, 108, 129, 206, 50, 108, 125, 210, 29, 108, 133, 33, 108, 133, 38, 108, 133, 53, 110, 145]
[1, 190, 29, 109, 133, 33, 109, 133, 38, 109, 133, 202, 29, 108, 133, 33, 108, 133, 38, 108, 133, 53, 109, 141, 214, 29, 109, 133, 33, 109, 133, 38, 109, 133]
[1, 190, 53, 108, 125, 194, 24, 107, 133, 29, 107, 133, 33, 107, 133, 57, 110, 155, 206, 24, 108, 133, 29, 108, 133, 33, 108, 133]
[1, 186, 24, 107, 133, 28, 107, 133, 31, 107, 133, 198, 24, 108, 133, 28, 108, 133, 31, 108, 133, 55, 108, 129, 206, 48, 105, 125, 210, 24, 107, 133, 29, 107, 133, 33, 107, 133, 53, 110, 155]
[1, 190, 24, 108, 133, 29, 108, 133, 33, 108, 133, 202, 26, 109, 133, 29, 109, 133, 34, 109, 133, 214, 26, 108, 133, 29, 108, 133, 34, 108, 133, 52, 108, 129]
[1, 190, 50, 107, 125, 194, 29, 109, 133, 33, 109, 133, 36, 109, 133, 48, 106, 153, 206, 29, 108, 133, 33, 108, 133, 36, 108, 133]
[1, 186, 34, 108, 133, 36, 108, 133, 194, 48, 107, 125, 198, 34, 108, 133, 36, 108, 133, 50, 108, 129, 206, 48, 107, 125, 210, 29, 107, 133, 33, 107, 133, 36, 107, 133, 48, 107, 155]
[1, 190, 29, 109, 133, 33, 109, 133, 36, 109, 133, 202, 29, 108, 133, 33, 108, 133, 36, 108, 133, 214, 29, 107, 133, 33, 107, 133, 36, 107, 133, 53, 110, 133]
[1, 194, 28, 109, 133, 31, 109, 133, 36, 109, 133, 55, 109, 155, 206, 28, 108, 133, 31, 108, 133, 36, 108, 133]
[1, 186, 28, 109, 133, 31, 109, 133, 36, 109, 133, 198, 28, 109, 133, 31, 109, 133, 36, 109, 133, 48, 105, 133, 210, 29, 107, 133, 33, 107, 133, 36, 107, 133, 57, 113, 155]
[1, 190, 29, 108, 133, 33, 108, 133, 36, 108, 133, 202, 22, 106, 133, 26, 106, 133, 29, 106, 133, 214, 22, 109, 133, 26, 109, 133, 29, 109, 133, 55, 107, 133]
[1, 194, 24, 110, 133, 29, 110, 133, 33, 110, 133, 53, 107, 145, 206, 24, 109, 133, 29, 109, 133, 33, 109, 133]
[1, 186, 24, 108, 133, 28, 108, 133, 31, 108, 133, 52, 108, 133, 198, 24, 108, 133, 28, 108, 133, 31, 108, 133, 53, 109, 129, 206, 55, 109, 125, 210, 29, 109, 133, 33, 109, 133, 36, 109, 133, 53, 107, 145]
