[1, 320, 66, 194, 263, 328, 66, 203, 263, 336, 67, 205, 263, 344, 69, 210, 263]
[1, 320, 69, 201, 263, 328, 67, 197, 263, 336, 66, 202, 263, 344, 64, 200, 263]
[1, 320, 62, 202, 263, 328, 62, 208, 263, 336, 64, 209, 263, 344, 66, 210, 263]
[1, 320, 66, 207, 267, 332, 64, 209, 259, 336, 64, 204, 270]
[1, 320, 66, 208, 263, 328, 66, 207, 263, 336, 67, 211, 263, 344, 69, 207, 263]
[1, 320, 69, 206, 263, 328, 67, 205, 263, 336, 66, 202, 263, 344, 64, 196, 263]
[1, 320, 62, 197, 263, 328, 62, 200, 263, 336, 64, 209, 263, 344, 66, 207, 263]
[1, 320, 64, 205, 267, 332, 62, 196, 259, 336, 62, 206, 270]
[1, 320, 64, 210, 271, 336, 66, 214, 263, 344, 62, 198, 263]
[1, 320, 64, 202, 263, 328, 66, 212, 259, 332, 67, 218, 259, 336, 66, 202, 263, 344, 62, 195, 263]
[1, 320, 64, 209, 263, 328, 66, 213, 259, 332, 67, 209, 259, 336, 66, 209, 263, 344, 64, 202, 263]
[1, 320, 62, 195, 263, 328, 64, 210, 263, 336, 69, 224, 270]
[1, 320, 66, 216, 263, 328, 66, 227, 263, 336, 67, 232, 263, 344, 69, 229, 263]
[1, 320, 69, 225, 263, 328, 67, 219, 263, 336, 66, 217, 263, 344, 64, 208, 263]
[1, 320, 62, 217, 263, 328, 62, 227, 263, 336, 64, 233, 263, 344, 66, 230, 263]
[1, 320, 64, 223, 267, 332, 62, 218, 259, 336, 62, 227, 270]
