[1, 320, 62, 176, 271, 66, 176, 271, 336, 57, 175, 271, 64, 176, 271]
[1, 320, 59, 175, 271, 62, 167, 271, 336, 54, 173, 271, 61, 173, 271]
[1, 320, 55, 175, 271, 59, 171, 271, 336, 50, 169, 271, 57, 176, 271]
[1, 320, 55, 180, 271, 59, 176, 271, 336, 57, 181, 271, 61, 179, 271]
[1, 320, 62, 182, 271, 66, 175, 271, 336, 57, 177, 271, 64, 173, 271]
[1, 320, 59, 179, 271, 62, 171, 271, 336, 54, 173, 271, 61, 172, 271]
[1, 320, 55, 172, 271, 59, 176, 271, 336, 50, 170, 271, 57, 173, 271]
[1, 320, 55, 180, 271, 59, 183, 271, 336, 57, 181, 271, 61, 184, 271]
[1, 320, 62, 187, 271, 69, 189, 271, 78, 189, 271, 336, 57, 174, 271, 73, 175, 271, 76, 175, 271]
[1, 320, 59, 175, 271, 74, 171, 271, 336, 54, 172, 271, 69, 172, 271, 73, 172, 271]
[1, 320, 55, 177, 271, 62, 174, 271, 71, 174, 271, 336, 50, 178, 271, 66, 174, 271, 69, 174, 271]
[1, 320, 55, 181, 271, 67, 174, 271, 71, 174, 271, 336, 57, 176, 271, 64, 180, 271, 73, 180, 271]
[1, 320, 62, 206, 271, 66, 206, 271, 74, 191, 263, 328, 74, 194, 263, 336, 57, 193, 271, 64, 193, 271, 76, 198, 263, 344, 73, 193, 263]
[1, 320, 59, 184, 271, 62, 184, 271, 74, 197, 263, 328, 78, 198, 263, 336, 54, 187, 271, 81, 203, 263, 344, 69, 178, 263]
[1, 320, 55, 196, 271, 59, 196, 271, 71, 179, 263, 328, 67, 188, 263, 336, 50, 182, 271, 66, 183, 263, 344, 69, 194, 263]
[1, 320, 55, 197, 271, 59, 197, 271, 67, 194, 263, 328, 74, 203, 263, 336, 57, 193, 271, 61, 193, 271, 73, 203, 263, 344, 69, 182, 263]
[1, 320, 62, 203, 271, 66, 203, 271, 74, 190, 263, 328, 78, 216, 259, 332, 81, 225, 259, 336, 57, 199, 271, 81, 214, 259, 340, 83, 216, 259, 344, 81, 200, 259, 348, 79, 196, 259]
[1, 320, 59, 218, 271, 62, 218, 271, 78, 203, 266, 332, 78, 213, 259, 336, 54, 206, 271, 57, 206, 271, 78, 207, 259, 340, 79, 208, 259, 344, 78, 206, 259, 348, 76, 204, 259]
[1, 320, 55, 213, 271, 59, 213, 271, 74, 204, 259, 324, 72, 201, 259, 328, 71, 203, 259, 332, 72, 201, 259, 336, 50, 198, 271, 54, 198, 271, 69, 201, 263, 344, 66, 193, 263]
[1, 320, 55, 212, 271, 59, 212, 271, 62, 200, 263, 328, 67, 206, 259, 332, 66, 206, 259, 336, 57, 211, 271, 61, 211, 271, 64, 200, 263, 344, 69, 220, 259, 348, 67, 218, 259]
[1, 320, 62, 215, 271, 66, 215, 271, 328, 74, 178, 263, 336, 57, 180, 271, 76, 182, 263, 344, 73, 190, 263]
[1, 320, 59, 198, 271, 62, 198, 271, 74, 194, 263, 328, 66, 178, 263, 336, 54, 192, 271, 61, 192, 271, 69, 187, 267, 348, 71, 201, 259]
[1, 320, 55, 185, 271, 59, 185, 271, 67, 192, 263, 328, 62, 180, 263, 336, 50, 194, 271, 57, 194, 271, 66, 185, 263, 344, 69, 196, 263]
[1, 320, 55, 186, 271, 59, 186, 271, 67, 184, 263, 328, 66, 182, 263, 336, 57, 188, 271, 61, 188, 271, 64, 180, 263, 344, 69, 191, 263]
[1, 320, 50, 179, 287, 62, 181, 285, 66, 181, 285]
