[1, 320, 38, 168, 271, 50, 168, 271, 323, 54, 172, 257, 57, 172, 257, 325, 57, 174, 258, 62, 174, 258, 328, 62, 184, 258, 66, 184, 258, 331, 57, 182, 257, 62, 182, 257, 333, 54, 172, 258, 57, 172, 258, 336, 38, 185, 271, 50, 185, 271, 339, 54, 171, 257, 57, 171, 257, 341, 62, 173, 258, 344, 62, 181, 258, 66, 181, 258, 347, 62, 172, 257, 349, 54, 176, 258, 57, 176, 258]
[1, 320, 38, 183, 271, 50, 183, 271, 323, 57, 164, 257, 62, 164, 257, 325, 62, 167, 258, 66, 167, 258, 328, 66, 181, 258, 69, 181, 258, 331, 66, 174, 257, 333, 57, 171, 258, 62, 171, 258, 336, 38, 177, 271, 50, 177, 271, 339, 60, 168, 257, 66, 168, 257, 341, 66, 173, 258, 69, 173, 258, 344, 69, 185, 258, 72, 185, 258, 347, 66, 178, 257, 69, 178, 257, 349, 60, 174, 258, 66, 174, 258]
[1, 320, 38, 173, 271, 50, 173, 271, 323, 59, 169, 257, 62, 169, 257, 325, 62, 175, 258, 67, 175, 258, 328, 67, 182, 258, 71, 182, 258, 331, 62, 174, 257, 67, 174, 257, 333, 59, 170, 258, 62, 170, 258, 336, 38, 177, 271, 50, 177, 271, 339, 58, 169, 257, 61, 169, 257, 341, 61, 174, 258, 67, 174, 258, 344, 67, 180, 258, 70, 180, 258, 347, 61, 175, 257, 67, 175, 257, 349, 58, 175, 258, 61, 175, 258]
[1, 320, 38, 176, 271, 50, 176, 271, 323, 57, 170, 257, 62, 170, 257, 325, 62, 173, 258, 66, 173, 258, 328, 66, 181, 258, 69, 181, 258, 331, 62, 178, 257, 66, 178, 257, 333, 57, 170, 258, 62, 170, 258, 336, 38, 177, 271, 50, 177, 271, 339, 54, 173, 257, 57, 173, 257, 341, 57, 176, 258, 62, 176, 258, 344, 62, 181, 258, 66, 181, 258, 347, 57, 177, 257, 62, 177, 257, 349, 54, 171, 258, 57, 171, 258]
[1, 320, 50, 184, 271, 74, 208, 279, 323, 57, 184, 257, 325, 62, 189, 258, 328, 66, 197, 258, 331, 62, 199, 257, 333, 57, 185, 258, 336, 47, 186, 271, 339, 56, 184, 257, 341, 62, 194, 258, 344, 66, 199, 258, 73, 190, 259, 347, 62, 191, 257, 348, 74, 190, 259, 349, 56, 184, 258]
[1, 320, 45, 184, 271, 78, 202, 279, 323, 57, 188, 257, 325, 62, 194, 258, 328, 66, 203, 258, 331, 62, 196, 257, 333, 57, 188, 258, 336, 45, 189, 271, 339, 57, 186, 257, 341, 61, 190, 258, 344, 64, 199, 258, 76, 200, 263, 347, 61, 196, 257, 349, 57, 190, 258]
[1, 320, 47, 194, 271, 74, 185, 279, 323, 54, 183, 257, 325, 59, 182, 258, 328, 62, 202, 258, 331, 59, 200, 257, 333, 54, 186, 258, 336, 47, 190, 271, 339, 59, 185, 257, 341, 62, 192, 258, 344, 66, 196, 258, 347, 62, 190, 257, 349, 59, 189, 258]
[1, 320, 43, 188, 271, 76, 189, 267, 323, 59, 181, 257, 325, 64, 186, 258, 328, 67, 198, 258, 331, 64, 193, 257, 332, 78, 191, 257, 333, 59, 184, 258, 334, 76, 191, 257, 336, 45, 189, 271, 74, 185, 259, 339, 57, 187, 257, 340, 73, 179, 259, 341, 61, 188, 258, 344, 64, 198, 258, 71, 185, 259, 347, 61, 197, 257, 348, 73, 186, 259, 349, 57, 190, 258]
[1, 320, 50, 192, 271, 74, 197, 271, 323, 57, 189, 257, 325, 62, 195, 258, 328, 66, 200, 258, 331, 62, 192, 257, 333, 57, 185, 258, 336, 50, 192, 271, 339, 57, 183, 257, 341, 62, 185, 258, 344, 66, 197, 258, 78, 187, 263, 347, 62, 190, 257, 349, 57, 186, 258]
[1, 320, 50, 195, 271, 78, 192, 267, 323, 58, 184, 257, 325, 62, 191, 258, 328, 66, 201, 258, 331, 62, 193, 257, 332, 76, 187, 257, 333, 58, 188, 258, 334, 74, 187, 257, 336, 50, 190, 271, 73, 181, 259, 339, 59, 183, 257, 340, 71, 188, 259, 341, 62, 189, 258, 344, 66, 196, 258, 78, 209, 259, 347, 62, 190, 257, 348, 80, 215, 259, 349, 59, 183, 258]
[1, 320, 49, 190, 271, 78, 191, 271, 323, 56, 184, 257, 325, 59, 187, 258, 328, 62, 197, 258, 331, 59, 191, 257, 333, 56, 184, 258, 336, 49, 194, 271, 77, 188, 267, 339, 56, 183, 257, 341, 59, 182, 258, 344, 61, 189, 258, 347, 59, 186, 257, 348, 73, 183, 259, 349, 56, 186, 258]
[1, 320, 46, 186, 271, 76, 201, 267, 323, 55, 182, 257, 325, 61, 183, 258, 328, 64, 197, 258, 331, 61, 188, 257, 332, 74, 198, 259, 333, 55, 192, 258, 336, 46, 194, 271, 73, 189, 258, 339, 55, 185, 257, 76, 193, 257, 341, 61, 189, 258, 78, 197, 258, 344, 64, 197, 258, 79, 194, 258, 347, 61, 199, 257, 76, 188, 257, 349, 55, 185, 258, 73, 186, 258]
[1, 320, 47, 196, 271, 74, 194, 279, 323, 54, 185, 257, 325, 59, 191, 258, 328, 62, 194, 258, 331, 59, 194, 257, 333, 54, 187, 258, 336, 47, 192, 271, 339, 54, 191, 257, 341, 59, 195, 258, 344, 62, 195, 258, 78, 197, 259, 347, 59, 190, 257, 348, 76, 194, 259, 349, 54, 187, 258]
[1, 320, 49, 194, 271, 76, 191, 267, 323, 52, 194, 257, 325, 57, 212, 258, 328, 61, 219, 258, 331, 57, 216, 257, 332, 73, 217, 259, 333, 52, 222, 258, 336, 54, 198, 271, 71, 183, 258, 339, 57, 185, 257, 75, 186, 257, 341, 59, 187, 258, 78, 197, 258, 344, 63, 196, 258, 81, 194, 258, 347, 59, 187, 257, 78, 188, 257, 349, 57, 188, 258, 75, 183, 258]
[1, 320, 52, 190, 271, 76, 193, 274, 323, 57, 184, 257, 325, 61, 185, 258, 328, 64, 197, 258, 331, 61, 191, 257, 333, 57, 190, 258, 336, 52, 195, 271, 339, 62, 189, 257, 71, 185, 257, 341, 64, 192, 258, 73, 191, 258, 344, 68, 203, 258, 74, 193, 257, 346, 74, 192, 256, 76, 192, 256, 347, 64, 194, 257, 73, 192, 257, 349, 62, 187, 258, 71, 189, 258]
[1, 320, 45, 190, 271, 69, 188, 279, 323, 52, 182, 257, 325, 57, 192, 258, 328, 61, 191, 258, 331, 57, 185, 257, 333, 52, 181, 258, 336, 45, 190, 271, 339, 57, 178, 257, 341, 61, 178, 258, 344, 64, 181, 258, 69, 176, 263, 347, 61, 181, 257, 349, 57, 172, 258]
[1, 320, 45, 189, 271, 76, 187, 267, 323, 55, 171, 257, 325, 61, 176, 258, 328, 64, 179, 258, 331, 61, 178, 257, 332, 76, 180, 259, 333, 55, 175, 258, 336, 45, 189, 271, 76, 174, 261, 339, 55, 172, 257, 341, 61, 174, 258, 342, 75, 169, 257, 344, 64, 178, 258, 76, 178, 261, 347, 61, 172, 257, 349, 55, 171, 258, 350, 78, 180, 257]
[1, 320, 45, 196, 271, 76, 173, 261, 323, 57, 171, 257, 325, 62, 176, 258, 326, 78, 175, 257, 328, 66, 185, 258, 74, 170, 271, 331, 62, 180, 257, 333, 57, 176, 258, 336, 45, 194, 271, 339, 57, 176, 257, 341, 62, 180, 258, 344, 66, 178, 258, 74, 175, 263, 347, 62, 176, 257, 349, 57, 172, 258]
[1, 320, 45, 191, 271, 76, 181, 267, 323, 55, 174, 257, 325, 61, 181, 258, 328, 64, 176, 258, 331, 61, 178, 257, 332, 76, 180, 259, 333, 55, 174, 258, 336, 45, 192, 271, 76, 176, 258, 339, 55, 169, 257, 75, 175, 257, 341, 61, 174, 258, 76, 179, 258, 344, 64, 181, 258, 79, 181, 258, 347, 61, 178, 257, 78, 179, 257, 349, 55, 171, 258, 76, 173, 258]
[1, 320, 47, 191, 271, 74, 173, 279, 323, 54, 171, 257, 325, 59, 177, 258, 328, 62, 182, 258, 331, 59, 179, 257, 333, 54, 173, 258, 336, 47, 193, 271, 339, 54, 169, 257, 341, 59, 171, 258, 344, 62, 183, 258, 74, 178, 263, 347, 59, 181, 257, 349, 54, 171, 258]
[1, 320, 45, 190, 271, 76, 177, 267, 323, 52, 173, 257, 325, 57, 174, 258, 328, 61, 177, 258, 331, 57, 172, 257, 332, 76, 182, 259, 333, 52, 177, 258, 336, 54, 202, 271, 78, 183, 261, 339, 58, 172, 257, 341, 61, 172, 258, 342, 78, 174, 257, 344, 66, 188, 258, 78, 184, 258, 347, 61, 187, 257, 76, 182, 257, 349, 58, 179, 258, 78, 182, 258]
[1, 320, 52, 197, 271, 81, 186, 261, 323, 55, 176, 257, 325, 59, 175, 258, 326, 79, 181, 257, 328, 64, 186, 258, 79, 179, 275, 331, 59, 184, 257, 333, 55, 184, 258, 336, 52, 201, 271, 339, 59, 176, 257, 341, 64, 185, 258, 344, 67, 188, 258, 347, 64, 180, 257, 348, 71, 173, 259, 349, 59, 177, 258]
[1, 320, 43, 187, 271, 78, 190, 259, 323, 52, 178, 257, 324, 76, 190, 263, 325, 55, 179, 258, 328, 59, 182, 258, 331, 55, 183, 257, 332, 76, 183, 259, 333, 52, 180, 258, 336, 47, 203, 271, 74, 178, 258, 339, 53, 175, 257, 73, 176, 257, 341, 56, 171, 258, 74, 187, 258, 344, 62, 191, 258, 77, 196, 258, 347, 56, 184, 257, 76, 181, 257, 349, 53, 174, 258, 74, 171, 258]
[1, 320, 45, 198, 271, 76, 184, 279, 323, 52, 178, 257, 325, 57, 178, 258, 328, 61, 183, 258, 331, 57, 180, 257, 333, 52, 179, 258, 336, 45, 196, 271, 339, 55, 176, 257, 341, 57, 179, 258, 344, 61, 180, 258, 347, 57, 180, 257, 349, 55, 176, 258]
[1, 320, 50, 197, 271, 74, 174, 279, 323, 57, 176, 257, 325, 62, 182, 258, 328, 66, 185, 258, 331, 62, 180, 257, 333, 57, 174, 258, 336, 47, 193, 271, 339, 56, 175, 257, 341, 62, 184, 258, 344, 66, 186, 258, 73, 179, 259, 347, 62, 180, 257, 348, 74, 182, 259, 349, 56, 181, 258]
[1, 320, 45, 194, 271, 78, 186, 284, 323, 54, 175, 257, 325, 57, 177, 258, 328, 62, 189, 258, 331, 57, 184, 257, 333, 54, 179, 258, 336, 45, 199, 271, 339, 55, 169, 257, 341, 57, 170, 258, 344, 61, 185, 258, 347, 57, 181, 257, 348, 76, 181, 259, 349, 55, 182, 258]
[1, 320, 50, 196, 271, 74, 179, 287, 323, 57, 178, 257, 325, 62, 183, 258, 328, 66, 190, 258, 331, 62, 186, 257, 333, 57, 175, 258, 336, 50, 202, 271, 339, 57, 175, 257, 341, 62, 181, 258, 344, 66, 185, 258, 347, 62, 177, 257, 349, 57, 178, 258]
[1, 320, 38, 173, 271, 50, 173, 271, 323, 57, 174, 257, 62, 174, 257, 325, 62, 176, 258, 66, 176, 258, 328, 66, 188, 258, 69, 188, 258, 331, 62, 181, 257, 66, 181, 257, 333, 57, 178, 258, 62, 178, 258, 336, 38, 182, 271, 50, 182, 271, 339, 60, 173, 257, 66, 173, 257, 341, 66, 178, 258, 69, 178, 258, 344, 69, 187, 258, 72, 187, 258, 347, 66, 181, 257, 69, 181, 257, 349, 60, 175, 258, 66, 175, 258]
[1, 320, 38, 180, 271, 50, 180, 271, 323, 59, 179, 257, 62, 179, 257, 325, 62, 188, 258, 67, 188, 258, 328, 67, 189, 258, 71, 189, 258, 331, 62, 181, 257, 67, 181, 257, 333, 59, 174, 258, 62, 174, 258, 336, 38, 183, 271, 50, 183, 271, 339, 58, 175, 257, 61, 175, 257, 341, 61, 183, 258, 67, 183, 258, 344, 67, 183, 258, 70, 183, 258, 347, 61, 183, 257, 67, 183, 257, 349, 58, 179, 258, 61, 179, 258]
[1, 320, 38, 183, 271, 50, 183, 271, 323, 57, 173, 257, 62, 173, 257, 325, 62, 176, 258, 66, 176, 258, 328, 66, 184, 258, 69, 184, 258, 331, 62, 182, 257, 66, 182, 257, 333, 57, 174, 258, 62, 174, 258, 336, 38, 179, 271, 50, 179, 271, 339, 66, 178, 257, 69, 178, 257, 341, 69, 183, 258, 74, 183, 258, 344, 74, 193, 258, 78, 193, 258, 347, 69, 191, 257, 74, 191, 257, 349, 66, 170, 258, 69, 170, 258]
[1, 320, 38, 182, 271, 50, 182, 271, 323, 62, 177, 257, 66, 177, 257, 325, 66, 175, 258, 69, 175, 258, 328, 69, 187, 258, 74, 187, 258, 331, 66, 174, 257, 69, 174, 257, 333, 62, 174, 258, 66, 174, 258, 336, 38, 177, 271, 50, 177, 271, 339, 57, 169, 257, 62, 169, 257, 341, 62, 184, 258, 66, 184, 258, 344, 66, 191, 258, 69, 191, 258, 347, 62, 170, 257, 66, 170, 257, 349, 57, 166, 258, 62, 166, 258]
[1, 320, 38, 168, 271, 50, 168, 271, 323, 54, 170, 257, 57, 170, 257, 325, 57, 175, 258, 62, 175, 258, 328, 62, 177, 258, 66, 177, 258, 331, 57, 162, 257, 62, 162, 257, 333, 54, 162, 258, 57, 162, 258, 336, 38, 168, 271, 50, 168, 271, 339, 54, 164, 257, 57, 164, 257, 341, 57, 171, 258, 62, 171, 258, 344, 62, 175, 258, 66, 175, 258, 347, 57, 161, 257, 62, 161, 257, 349, 54, 162, 258, 57, 162, 258]
[1, 320, 38, 159, 287, 45, 159, 287, 57, 169, 287, 62, 169, 287, 66, 169, 287]
