[1, 320, 52, 173, 259, 328, 55, 182, 259, 59, 172, 259, 64, 172, 259, 336, 52, 177, 259, 344, 57, 179, 259, 60, 175, 259, 66, 175, 259]
[1, 320, 52, 177, 259, 328, 58, 182, 259, 61, 169, 259, 67, 169, 259, 336, 52, 174, 259, 344, 57, 182, 259, 60, 173, 259, 63, 173, 259]
[1, 320, 52, 174, 259, 328, 55, 178, 259, 59, 170, 259, 64, 170, 259, 336, 52, 176, 259, 344, 57, 178, 259, 60, 171, 259, 66, 171, 259]
[1, 320, 52, 178, 259, 328, 58, 179, 259, 61, 172, 259, 67, 172, 259, 336, 52, 171, 259, 344, 57, 179, 259, 60, 171, 259, 63, 171, 259]
[1, 320, 52, 175, 259, 328, 55, 180, 259, 59, 180, 259, 83, 175, 257, 91, 175, 257, 332, 88, 173, 257, 336, 52, 175, 259, 83, 183, 259, 91, 183, 259, 344, 57, 186, 259, 60, 186, 259, 81, 180, 259, 90, 180, 259]
[1, 320, 52, 173, 259, 78, 175, 259, 87, 175, 259, 328, 58, 179, 259, 61, 179, 259, 79, 182, 259, 88, 182, 259, 336, 52, 176, 259, 77, 173, 257, 80, 173, 257, 86, 173, 257, 340, 77, 179, 257, 80, 179, 257, 86, 179, 257, 344, 59, 189, 259, 62, 189, 259, 77, 177, 259, 80, 177, 259, 86, 177, 259]
[1, 320, 52, 173, 259, 76, 177, 257, 79, 177, 257, 85, 177, 257, 324, 76, 179, 257, 79, 179, 257, 85, 179, 257, 328, 58, 183, 259, 61, 183, 259, 76, 180, 259, 79, 180, 259, 85, 180, 259, 336, 52, 174, 259, 75, 175, 257, 78, 175, 257, 84, 175, 257, 340, 75, 173, 257, 78, 173, 257, 84, 173, 257, 344, 57, 183, 259, 60, 183, 259, 75, 184, 259, 78, 184, 259, 84, 184, 259]
[1, 320, 52, 176, 259, 79, 178, 257, 83, 178, 257, 324, 88, 181, 257, 328, 64, 196, 259, 81, 173, 257, 84, 173, 257, 332, 88, 183, 257, 336, 64, 182, 259, 79, 171, 259, 83, 171, 259, 344, 64, 177, 257, 346, 62, 173, 257, 348, 61, 173, 257, 350, 59, 177, 257]
[1, 320, 58, 176, 261, 328, 64, 188, 259, 67, 188, 259, 72, 173, 257, 79, 173, 257, 332, 76, 172, 257, 336, 57, 175, 259, 72, 179, 259, 79, 179, 259, 344, 63, 189, 259, 66, 189, 259, 72, 176, 259, 78, 176, 259]
[1, 320, 55, 174, 259, 75, 181, 259, 78, 181, 259, 84, 181, 259, 328, 59, 188, 259, 64, 188, 259, 76, 179, 259, 79, 179, 259, 83, 179, 259, 336, 54, 175, 259, 82, 173, 257, 91, 173, 257, 340, 82, 174, 257, 91, 174, 257, 344, 58, 186, 259, 64, 186, 259, 82, 179, 259, 91, 179, 259]
[1, 320, 54, 175, 259, 83, 174, 257, 86, 174, 257, 90, 174, 257, 324, 83, 176, 257, 86, 176, 257, 90, 176, 257, 328, 56, 186, 259, 59, 186, 259, 83, 181, 259, 86, 181, 259, 90, 181, 259, 336, 54, 178, 259, 82, 179, 257, 85, 179, 257, 88, 179, 257, 340, 82, 180, 257, 85, 180, 257, 88, 180, 257, 344, 58, 186, 259, 61, 186, 259, 82, 177, 259, 85, 177, 259, 88, 177, 259]
[1, 320, 59, 187, 259, 66, 187, 259, 83, 184, 257, 87, 184, 257, 324, 90, 182, 257, 328, 60, 174, 259, 66, 174, 259, 82, 176, 257, 88, 176, 257, 332, 90, 183, 257, 336, 59, 177, 259, 66, 177, 259, 83, 175, 259, 87, 175, 259, 344, 59, 175, 257, 346, 57, 178, 257, 348, 55, 174, 257, 350, 54, 179, 257]
[1, 320, 52, 176, 258, 328, 55, 183, 259, 59, 183, 259, 83, 174, 257, 91, 174, 257, 332, 88, 174, 257, 336, 52, 175, 259, 83, 185, 259, 91, 185, 259, 344, 57, 176, 259, 60, 176, 259, 81, 173, 259, 90, 173, 259]
[1, 320, 52, 177, 259, 78, 178, 259, 87, 178, 259, 328, 58, 182, 259, 61, 182, 259, 79, 185, 259, 88, 185, 259, 336, 52, 169, 259, 77, 174, 257, 80, 174, 257, 86, 174, 257, 340, 77, 180, 257, 80, 180, 257, 86, 180, 257, 344, 59, 193, 259, 62, 193, 259, 77, 179, 259, 80, 179, 259, 86, 179, 259]
[1, 320, 52, 176, 259, 76, 180, 257, 79, 180, 257, 85, 180, 257, 324, 76, 175, 257, 79, 175, 257, 85, 175, 257, 328, 58, 185, 259, 61, 185, 259, 76, 181, 259, 79, 181, 259, 85, 181, 259, 336, 52, 174, 259, 75, 182, 257, 78, 182, 257, 84, 182, 257, 340, 75, 176, 257, 78, 176, 257, 84, 176, 257, 344, 57, 180, 259, 60, 180, 259, 75, 177, 259, 78, 177, 259, 84, 177, 259]
[1, 320, 52, 178, 259, 79, 175, 257, 83, 175, 257, 324, 88, 184, 257, 328, 64, 189, 259, 66, 189, 259, 81, 172, 257, 84, 172, 257, 332, 88, 180, 257, 336, 64, 179, 259, 67, 179, 259, 79, 171, 259, 83, 171, 259, 344, 67, 178, 257, 346, 66, 181, 257, 348, 64, 174, 257, 350, 62, 174, 257]
[1, 320, 61, 176, 261, 328, 66, 211, 271, 70, 172, 257, 76, 172, 257, 332, 73, 174, 257, 336, 70, 180, 259, 76, 180, 259, 344, 59, 171, 261, 69, 173, 259, 71, 173, 259, 75, 173, 259]
[1, 320, 52, 179, 263, 328, 64, 217, 271, 68, 169, 257, 74, 169, 257, 332, 71, 175, 257, 336, 68, 181, 259, 74, 181, 259, 344, 57, 174, 261, 67, 173, 259, 69, 173, 259, 73, 173, 259]
[1, 320, 50, 173, 263, 328, 62, 219, 271, 66, 171, 257, 72, 171, 257, 332, 69, 170, 257, 336, 66, 178, 259, 72, 178, 259, 344, 55, 177, 261, 67, 177, 259, 71, 177, 259]
[1, 320, 59, 181, 259, 328, 54, 175, 259, 57, 175, 259, 71, 176, 263, 329, 75, 176, 262, 330, 83, 176, 261, 336, 52, 181, 259, 55, 181, 259, 76, 169, 263, 344, 47, 217, 303]
[1, 320, 52, 196, 263, 55, 196, 263, 324, 61, 173, 257, 328, 54, 178, 263, 57, 178, 263, 332, 63, 183, 257, 336, 55, 187, 263, 340, 59, 191, 257, 64, 191, 257, 344, 57, 195, 263, 348, 59, 199, 257, 66, 199, 257]
[1, 320, 59, 207, 263, 324, 64, 204, 257, 67, 204, 257, 328, 55, 199, 263, 332, 61, 194, 259, 64, 194, 259, 336, 54, 188, 263, 59, 188, 261, 63, 188, 261, 344, 47, 206, 263, 51, 206, 263, 59, 205, 258, 347, 60, 214, 257, 349, 59, 205, 257]
[1, 320, 52, 213, 277, 57, 210, 259, 324, 55, 208, 257, 328, 55, 212, 257, 332, 55, 208, 257, 336, 55, 206, 257, 340, 55, 213, 257, 344, 45, 212, 263, 49, 212, 263, 55, 207, 258, 347, 59, 212, 257, 349, 57, 206, 257]
[1, 320, 50, 218, 277, 55, 206, 259, 324, 54, 207, 257, 328, 54, 215, 257, 332, 54, 210, 257, 336, 54, 211, 257, 340, 54, 215, 257, 344, 47, 227, 303]
[1, 320, 52, 185, 263, 55, 185, 263, 324, 61, 171, 257, 328, 54, 178, 263, 57, 178, 263, 332, 63, 183, 257, 336, 55, 187, 263, 340, 59, 191, 257, 64, 191, 257, 344, 57, 195, 263, 348, 59, 199, 257, 66, 199, 257]
[1, 320, 59, 208, 263, 324, 64, 204, 257, 67, 204, 257, 328, 55, 199, 263, 332, 61, 194, 259, 64, 194, 259, 336, 54, 188, 263, 59, 188, 261, 63, 188, 261, 344, 47, 208, 263, 51, 208, 263, 59, 206, 258, 347, 60, 213, 257, 349, 59, 207, 257]
[1, 320, 52, 215, 277, 57, 211, 259, 324, 55, 206, 257, 328, 55, 215, 257, 332, 55, 212, 257, 336, 55, 210, 257, 340, 55, 213, 257, 344, 45, 207, 263, 49, 207, 263, 55, 208, 258, 347, 59, 214, 257, 349, 57, 211, 257]
[1, 320, 50, 209, 277, 55, 209, 259, 324, 54, 208, 257, 328, 54, 210, 257, 332, 54, 212, 257, 336, 54, 214, 257, 340, 54, 213, 257, 344, 47, 199, 285]
[1, 320, 52, 204, 263, 324, 64, 206, 259, 67, 206, 259, 73, 206, 259, 328, 54, 211, 263, 332, 66, 203, 259, 69, 203, 259, 75, 203, 259, 336, 55, 215, 269, 340, 67, 205, 259, 71, 205, 259, 76, 205, 259, 344, 47, 200, 285, 71, 223, 263]
[1, 320, 54, 209, 263, 324, 66, 211, 259, 69, 211, 259, 75, 211, 259, 328, 55, 213, 263, 332, 67, 215, 259, 71, 215, 259, 76, 215, 259, 336, 57, 217, 269, 340, 69, 219, 259, 75, 219, 259, 78, 219, 259, 344, 47, 213, 285, 71, 220, 263]
[1, 320, 55, 224, 263, 324, 67, 226, 259, 73, 226, 259, 76, 226, 259, 328, 57, 228, 263, 332, 69, 229, 259, 75, 229, 259, 78, 229, 259, 336, 59, 231, 261, 340, 71, 233, 259, 76, 233, 259, 79, 233, 259, 344, 59, 235, 263, 348, 71, 231, 259, 76, 231, 259, 79, 231, 259]
[1, 320, 59, 255, 263, 64, 255, 263, 69, 255, 263, 324, 72, 215, 259, 76, 215, 259, 81, 215, 259, 328, 59, 227, 263, 64, 227, 263, 69, 227, 263, 332, 72, 217, 259, 76, 217, 259, 81, 217, 259, 336, 59, 227, 263, 66, 227, 263, 69, 227, 263, 71, 234, 263, 75, 234, 263, 83, 234, 263, 344, 59, 214, 257, 346, 57, 222, 257, 348, 55, 223, 257, 350, 54, 222, 257]
[1, 320, 52, 186, 258, 328, 55, 200, 259, 59, 200, 259, 83, 182, 257, 91, 182, 257, 332, 88, 186, 257, 336, 52, 181, 259, 83, 189, 259, 91, 189, 259, 344, 57, 192, 259, 60, 192, 259, 81, 186, 259, 90, 186, 259]
[1, 320, 52, 185, 259, 78, 178, 259, 87, 178, 259, 328, 58, 195, 259, 61, 195, 259, 79, 195, 259, 88, 195, 259, 336, 52, 185, 259, 77, 183, 257, 80, 183, 257, 86, 183, 257, 340, 77, 187, 257, 80, 187, 257, 86, 187, 257, 344, 59, 204, 259, 62, 204, 259, 77, 188, 259, 80, 188, 259, 86, 188, 259]
[1, 320, 52, 186, 259, 76, 190, 257, 79, 190, 257, 85, 190, 257, 324, 76, 188, 257, 79, 188, 257, 85, 188, 257, 328, 58, 192, 259, 61, 192, 259, 76, 187, 259, 79, 187, 259, 85, 187, 259, 336, 52, 180, 259, 75, 187, 257, 78, 187, 257, 84, 187, 257, 340, 75, 192, 257, 78, 192, 257, 84, 192, 257, 344, 57, 191, 259, 60, 191, 259, 75, 190, 259, 78, 190, 259, 84, 190, 259]
[1, 320, 52, 183, 259, 79, 186, 257, 83, 186, 257, 324, 88, 195, 257, 328, 64, 201, 259, 81, 184, 257, 84, 184, 257, 332, 88, 192, 257, 336, 64, 189, 259, 79, 181, 259, 83, 181, 259, 344, 64, 184, 257, 346, 62, 185, 257, 348, 61, 184, 257, 350, 59, 188, 257]
[1, 320, 58, 191, 261, 328, 64, 200, 259, 67, 200, 259, 72, 181, 257, 79, 181, 257, 332, 76, 184, 257, 336, 57, 187, 259, 72, 192, 259, 79, 192, 259, 344, 63, 199, 259, 66, 199, 259, 72, 187, 259, 78, 187, 259]
[1, 320, 55, 184, 259, 75, 199, 259, 78, 199, 259, 84, 199, 259, 328, 59, 200, 259, 64, 200, 259, 76, 185, 259, 79, 185, 259, 83, 185, 259, 336, 54, 182, 259, 82, 186, 257, 91, 186, 257, 340, 82, 183, 257, 91, 183, 257, 344, 58, 201, 259, 64, 201, 259, 82, 187, 259, 91, 187, 259]
[1, 320, 54, 179, 259, 83, 183, 257, 86, 183, 257, 90, 183, 257, 324, 83, 189, 257, 86, 189, 257, 90, 189, 257, 328, 56, 194, 259, 59, 194, 259, 83, 187, 259, 86, 187, 259, 90, 187, 259, 336, 54, 184, 259, 82, 187, 257, 85, 187, 257, 88, 187, 257, 340, 82, 189, 257, 85, 189, 257, 88, 189, 257, 344, 58, 193, 259, 61, 193, 259, 82, 188, 259, 85, 188, 259, 88, 188, 259]
[1, 320, 59, 195, 259, 66, 195, 259, 83, 187, 257, 87, 187, 257, 324, 90, 198, 257, 328, 60, 190, 259, 66, 190, 259, 82, 187, 257, 88, 187, 257, 332, 90, 191, 257, 336, 59, 184, 259, 66, 184, 259, 83, 185, 259, 87, 185, 259, 344, 59, 180, 257, 346, 57, 187, 257, 348, 55, 187, 257, 350, 54, 183, 257]
[1, 320, 52, 187, 258, 328, 55, 194, 259, 59, 194, 259, 83, 184, 257, 91, 184, 257, 332, 88, 186, 257, 336, 52, 183, 259, 83, 192, 259, 91, 192, 259, 344, 57, 194, 259, 60, 194, 259, 81, 191, 259, 90, 191, 259]
[1, 320, 52, 180, 259, 78, 184, 259, 87, 184, 259, 328, 58, 198, 259, 61, 198, 259, 79, 188, 259, 88, 188, 259, 336, 52, 184, 259, 77, 185, 257, 80, 185, 257, 86, 185, 257, 340, 77, 188, 257, 80, 188, 257, 86, 188, 257, 344, 59, 199, 259, 62, 199, 259, 77, 190, 259, 80, 190, 259, 86, 190, 259]
[1, 320, 52, 181, 259, 76, 187, 257, 79, 187, 257, 85, 187, 257, 324, 76, 185, 257, 79, 185, 257, 85, 185, 257, 328, 58, 195, 259, 61, 195, 259, 76, 187, 259, 79, 187, 259, 85, 187, 259, 336, 52, 186, 259, 75, 190, 257, 78, 190, 257, 84, 190, 257, 340, 75, 182, 257, 78, 182, 257, 84, 182, 257, 344, 57, 193, 259, 60, 193, 259, 75, 188, 259, 78, 188, 259, 84, 188, 259]
[1, 320, 52, 181, 259, 79, 187, 257, 83, 187, 257, 324, 88, 196, 257, 328, 64, 202, 259, 66, 202, 259, 81, 186, 257, 84, 186, 257, 332, 88, 198, 257, 336, 64, 197, 259, 67, 197, 259, 79, 181, 259, 83, 181, 259, 344, 67, 191, 257, 346, 66, 185, 257, 348, 64, 181, 257, 350, 62, 187, 257]
[1, 320, 61, 189, 261, 328, 66, 221, 271, 70, 180, 257, 76, 180, 257, 332, 73, 181, 257, 336, 70, 194, 259, 76, 194, 259, 344, 59, 187, 261, 69, 185, 259, 71, 185, 259, 75, 185, 259]
[1, 320, 52, 183, 263, 328, 64, 229, 271, 68, 181, 257, 74, 181, 257, 332, 71, 184, 257, 336, 68, 188, 259, 74, 188, 259, 344, 57, 184, 261, 67, 184, 259, 69, 184, 259, 73, 184, 259]
[1, 320, 50, 184, 263, 328, 62, 229, 271, 66, 185, 257, 72, 185, 257, 332, 69, 181, 257, 336, 66, 191, 259, 72, 191, 259, 344, 55, 187, 261, 67, 185, 259, 71, 185, 259]
[1, 320, 47, 182, 259, 325, 71, 215, 256, 326, 75, 231, 256, 327, 78, 234, 256, 328, 54, 255, 259, 57, 255, 259, 59, 255, 259, 83, 238, 258, 336, 52, 252, 259, 55, 252, 259, 59, 252, 259, 76, 243, 259, 88, 243, 259]
