[1, 344, 62, 218, 263]
[1, 320, 50, 214, 271, 62, 238, 263, 66, 238, 263, 328, 62, 225, 263, 66, 225, 263, 336, 50, 224, 271, 62, 228, 263, 66, 228, 263, 344, 64, 221, 259, 348, 62, 222, 259]
[1, 320, 50, 227, 271, 66, 237, 278, 69, 237, 278, 336, 50, 227, 271, 344, 69, 231, 259, 348, 67, 224, 259]
[1, 320, 50, 226, 271, 62, 219, 263, 66, 219, 263, 328, 62, 228, 263, 66, 228, 263, 336, 50, 224, 271, 62, 230, 263, 66, 230, 263, 344, 64, 225, 259, 348, 62, 218, 259]
[1, 320, 50, 222, 271, 66, 234, 278, 69, 234, 278, 336, 50, 225, 271, 344, 69, 231, 259, 348, 67, 225, 259]
[1, 320, 50, 228, 271, 62, 218, 263, 66, 218, 263, 328, 67, 221, 259, 332, 69, 235, 259, 336, 50, 228, 271, 64, 228, 263, 67, 228, 263, 344, 62, 221, 263, 66, 221, 263]
[1, 320, 57, 234, 279, 64, 221, 270, 344, 62, 182, 263]
[1, 320, 50, 184, 271, 62, 196, 263, 66, 196, 263, 328, 62, 191, 263, 66, 191, 263, 336, 50, 191, 271, 62, 187, 263, 66, 187, 263, 344, 64, 180, 259, 348, 62, 190, 259]
[1, 320, 50, 183, 271, 66, 202, 278, 69, 202, 278, 336, 50, 187, 271, 344, 69, 190, 259, 348, 67, 186, 259]
[1, 320, 50, 189, 271, 62, 188, 263, 66, 188, 263, 328, 62, 190, 263, 66, 190, 263, 336, 50, 187, 271, 62, 193, 263, 66, 193, 263, 344, 64, 188, 259, 348, 62, 186, 259]
[1, 320, 50, 186, 271, 66, 195, 278, 69, 195, 278, 336, 50, 186, 271, 344, 69, 192, 259, 348, 67, 186, 259]
[1, 320, 50, 193, 271, 62, 189, 263, 66, 189, 263, 328, 67, 191, 259, 332, 69, 195, 259, 336, 50, 186, 271, 64, 195, 263, 67, 195, 263, 344, 62, 183, 263, 66, 183, 263]
[1, 320, 57, 193, 279, 64, 180, 270, 344, 62, 219, 263]
[1, 320, 50, 215, 271, 66, 238, 263, 69, 238, 263, 328, 67, 219, 259, 332, 66, 213, 259, 336, 50, 225, 271, 67, 229, 263, 344, 69, 233, 263]
[1, 320, 50, 224, 271, 67, 234, 263, 71, 234, 263, 328, 66, 225, 270, 69, 225, 270, 336, 50, 226, 271, 344, 62, 207, 263]
[1, 320, 50, 226, 271, 66, 218, 263, 69, 218, 263, 328, 67, 222, 259, 332, 66, 221, 259, 336, 50, 226, 271, 67, 229, 263, 344, 69, 229, 263]
[1, 320, 50, 228, 271, 67, 234, 263, 71, 234, 263, 328, 66, 229, 270, 69, 229, 270, 336, 50, 227, 271, 344, 62, 211, 263]
[1, 320, 50, 230, 271, 67, 229, 263, 71, 229, 263, 328, 66, 225, 270, 69, 225, 270, 336, 50, 228, 271, 344, 67, 220, 263]
[1, 320, 50, 228, 271, 66, 216, 263, 328, 64, 216, 259, 332, 62, 211, 259, 336, 45, 223, 271, 64, 230, 271]
[1, 320, 50, 235, 279, 62, 220, 270, 344, 62, 184, 263]
[1, 320, 50, 184, 271, 66, 193, 263, 69, 193, 263, 328, 67, 187, 259, 332, 66, 183, 259, 336, 50, 188, 271, 67, 193, 263, 344, 69, 197, 263]
[1, 320, 50, 188, 271, 67, 196, 263, 71, 196, 263, 328, 66, 192, 270, 69, 192, 270, 336, 50, 189, 271, 344, 62, 179, 263]
[1, 320, 50, 191, 271, 66, 190, 263, 69, 190, 263, 328, 67, 187, 259, 332, 66, 182, 259, 336, 50, 192, 271, 67, 192, 263, 344, 69, 192, 263]
[1, 320, 50, 194, 271, 67, 189, 263, 71, 189, 263, 328, 66, 185, 270, 69, 185, 270, 336, 50, 188, 271, 344, 62, 180, 263]
[1, 320, 50, 190, 271, 67, 201, 263, 71, 201, 263, 328, 66, 192, 270, 69, 192, 270, 336, 50, 197, 271, 344, 67, 202, 263]
[1, 320, 50, 200, 271, 66, 206, 263, 328, 64, 201, 259, 332, 62, 206, 259, 336, 45, 207, 271, 64, 223, 271]
[1, 320, 50, 237, 279, 54, 237, 279, 62, 222, 278]
